chr	pos	hap
1	151047	1
1	251132	1
1	253077	1
1	269400	1
1	309342	1
1	393135	1
1	433801	1
1	481295	1
1	497066	1
1	534626	1
1	535454	1
1	551280	1
1	559640	1
1	560593	1
1	811699	1
1	811709	1
1	813197	1
1	817205	1
1	931173	1
1	1028855	1
1	1125639	1
1	1314398	1
1	1606674	1
1	1828457	1
1	1828475	1
1	1838864	1
1	2068305	1
1	2497514	1
1	2589296	1
1	2591087	1
1	2591141	1
1	2605589	1
1	2753906	1
1	2822433	1
1	2951280	1
1	2956117	1
1	2957398	1
1	2958391	1
1	2958410	1
1	3087549	1
1	3296181	1
1	3693421	1
1	3716735	1
1	3716741	1
1	3922632	1
1	3953090	1
1	3987492	1
1	4013257	1
1	4258102	1
1	4258195	1
1	4258310	1
1	4258451	1
1	4258490	1
1	4262027	1
1	4262991	1
1	4263036	1
1	4263748	1
1	4277333	1
1	4309411	1
1	4598036	1
1	4601532	1
1	4603170	1
1	4603173	1
1	4686764	1
1	4954024	1
1	4954114	1
1	5079220	1
1	5088296	1
1	5141014	1
1	5291766	1
1	5347312	1
1	5380841	1
1	5386865	1
1	5431075	1
1	5477755	1
1	5498171	1
1	5502048	1
1	5505021	1
1	5505313	1
1	5523061	1
1	6071323	1
1	6071374	1
1	6071398	1
1	6071498	1
1	6071587	1
1	6071711	1
1	6071776	1
1	6071878	1
1	6071917	1
1	6142925	1
1	6143327	1
1	6190256	1
1	6295542	1
1	6303560	1
1	6303615	1
1	6340020	1
1	6529837	1
1	6587872	1
1	6791367	1
1	7165230	1
1	7165940	1
1	7444530	1
1	7447081	1
1	7447660	1
1	7448477	1
1	7866002	1
1	8645709	1
1	8653509	1
1	8653542	1
1	10311945	1
1	10570836	1
1	10573476	1
1	11395918	1
1	11737575	1
1	11742717	1
1	11769718	1
1	11774418	1
1	12000688	1
1	12000832	1
1	12005526	1
1	12022163	1
1	12841303	1
1	12994277	1
1	13266749	1
1	13369757	1
1	13392443	1
1	13545189	1
1	13546944	1
1	13597181	1
1	13655916	1
1	13740819	1
1	13747185	1
1	16399217	1
1	16904395	1
1	16912211	1
1	17370636	1
1	17381137	1
1	17381140	1
1	17664121	1
1	18393787	1
1	18753971	1
1	18925584	1
1	18925630	1
1	18926884	1
1	18926923	1
1	18927026	1
1	18927247	1
1	18998405	1
1	19066536	1
1	19663894	1
1	19663967	1
1	19666602	1
1	19667145	1
1	20414881	1
1	20414889	1
1	20420103	1
1	20548838	1
1	22612965	1
1	23656980	1
1	24687642	1
1	24708276	1
1	29180791	1
1	29676849	1
1	29678334	1
1	29679855	1
1	29683870	1
1	29684899	1
1	29685008	1
1	30124981	1
1	30837971	1
1	30930917	1
1	31088895	1
1	32091882	1
1	32463009	1
1	33354366	1
1	34098278	1
1	35477582	1
1	36413189	1
1	37067485	1
1	37067567	1
1	37067593	1
1	37067730	1
1	37070102	1
1	37070639	1
1	37071429	1
1	37276804	1
1	37683160	1
1	38478435	1
1	39325733	1
1	39529156	1
1	39931061	1
1	41859222	1
1	41947310	1
1	41947383	1
1	41947422	1
1	41947504	1
1	41947512	1
1	41948237	1
1	41949328	1
1	41949345	1
1	41949463	1
1	41979122	1
1	42197367	1
1	42197532	1
1	42197568	1
1	42845696	1
1	42861638	1
1	43180467	1
1	43196026	1
1	43330728	1
1	43409359	1
1	44194124	1
1	44645723	1
1	44696588	1
1	44696600	1
1	44700958	1
1	44702400	1
1	44890251	1
1	45751290	1
1	45757713	1
1	45777798	1
1	46270954	1
1	46315907	1
1	46323371	1
1	47297907	1
1	47299582	1
1	47299905	1
1	47761676	1
1	49228392	1
1	49346580	1
1	50790985	1
1	51290205	1
1	51294592	1
1	51324358	1
1	51736518	1
1	52318789	1
1	52482174	1
1	52487732	1
1	54480881	1
1	54580281	1
1	55163476	1
1	55163677	1
1	55163751	1
1	55427311	1
1	55427702	1
1	57040112	1
1	57639636	1
1	57931888	1
1	58197448	1
1	58567030	1
1	58737722	1
1	58985411	1
1	59361412	1
1	59363461	1
1	59363481	1
1	59364003	1
1	59441242	1
1	59974049	1
1	59974287	1
1	59974382	1
1	59974416	1
1	60027044	1
1	60240569	1
1	60259084	1
1	60414182	1
1	60433685	1
1	60512580	1
1	60513299	1
1	60515967	1
1	60516974	1
1	60887937	1
1	60919390	1
1	60951473	1
1	60951506	1
1	60987055	1
1	61310626	1
1	61310905	1
1	61326558	1
1	61774592	1
1	62058760	1
1	62145016	1
1	62145049	1
1	62148278	1
1	62289376	1
1	62612685	1
1	62802774	1
1	62851452	1
1	62930839	1
1	62930860	1
1	62930893	1
1	62931376	1
1	62935879	1
1	63119544	1
1	63183063	1
1	63208319	1
1	63338127	1
1	63724828	1
1	63756796	1
1	63874694	1
1	64120888	1
1	64259758	1
1	64614014	1
1	65020539	1
1	65062749	1
1	65270050	1
1	65277443	1
1	65472778	1
1	65694481	1
1	65694528	1
1	65696918	1
1	65779952	1
1	65780961	1
1	65782007	1
1	65782411	1
1	65782472	1
1	65782960	1
1	65783163	1
1	66093982	1
1	66218939	1
1	66259225	1
1	66283056	1
1	66336497	1
1	66349597	1
1	66354337	1
1	66374958	1
1	66376215	1
1	66427942	1
1	66431307	1
1	66552387	1
1	66675618	1
1	66723137	1
1	66903971	1
1	67013319	1
1	67136074	1
1	67211029	1
1	67211502	1
1	67221911	1
1	67223465	1
1	67223718	1
1	67223836	1
1	67224536	1
1	67277817	1
1	67277826	1
1	67279544	1
1	67293176	1
1	67294103	1
1	67459462	1
1	67605501	1
1	67735399	1
1	67896790	1
1	67969608	1
1	67996863	1
1	68069876	1
1	68127604	1
1	68350967	1
1	68412973	1
1	68416246	1
1	68529707	1
1	68670749	1
1	68950390	1
1	68950624	1
1	69200171	1
1	69381132	1
1	69809843	1
1	69902011	1
1	69917893	1
1	69918804	1
1	70016241	1
1	70097516	1
1	70223686	1
1	70341065	1
1	70341095	1
1	70371898	1
1	70372129	1
1	70472380	1
1	70472766	1
1	70474651	1
1	70560219	1
1	70562984	1
1	70697501	1
1	71009786	1
1	71088529	1
1	71090764	1
1	71239398	1
1	71239659	1
1	71278355	1
1	71298295	1
1	71421420	1
1	71444070	1
1	71450058	1
1	71450067	1
1	71450400	1
1	71450692	1
1	72051529	1
1	72051556	1
1	72108318	1
1	72111134	1
1	72111964	1
1	72111974	1
1	72320461	1
1	72504467	1
1	72528571	1
1	72531363	1
1	72539513	1
1	72540074	1
1	72540500	1
1	72540530	1
1	72540975	1
1	72742546	1
1	72816334	1
1	73340313	1
1	73529280	1
1	73706321	1
1	74061521	1
1	74193922	1
1	74257861	1
1	74352528	1
1	74355334	1
1	74360132	1
1	74628218	1
1	74688162	1
1	74688218	1
1	74741574	1
1	75007219	1
1	75045959	1
1	75079617	1
1	75163958	1
1	75333653	1
1	75442012	1
1	75477670	1
1	75478358	1
1	75485176	1
1	75485233	1
1	75728886	1
1	75748919	1
1	75789812	1
1	76012445	1
1	76242413	1
1	76304506	1
1	76346480	1
1	76406645	1
1	76465282	1
1	76480545	1
1	76480694	1
1	76486675	1
1	76505319	1
1	76511247	1
1	76615839	1
1	76920170	1
1	76952905	1
1	76957665	1
1	76958577	1
1	76959585	1
1	76960016	1
1	76960082	1
1	76960196	1
1	76960244	1
1	76960499	1
1	77055987	1
1	77190763	1
1	77190791	1
1	77191340	1
1	77191350	1
1	77207561	1
1	77350877	1
1	77351069	1
1	77351120	1
1	77351135	1
1	77353150	1
1	77353237	1
1	77401317	1
1	77488165	1
1	77526828	1
1	77596089	1
1	77652861	1
1	77738822	1
1	78142002	1
1	78168130	1
1	78176186	1
1	78192298	1
1	78430645	1
1	78663168	1
1	78756700	1
1	78756913	1
1	78756917	1
1	78757227	1
1	78809481	1
1	78928270	1
1	79083750	1
1	79083994	1
1	79157411	1
1	79186993	1
1	79391736	1
1	79391898	1
1	79456101	1
1	79487269	1
1	79487385	1
1	79678700	1
1	79678961	1
1	79679333	1
1	79679819	1
1	79679995	1
1	79711229	1
1	79784789	1
1	79955869	1
1	80077322	1
1	80121257	1
1	80228612	1
1	80229782	1
1	80229851	1
1	80229923	1
1	80230402	1
1	80230721	1
1	80230736	1
1	80429024	1
1	80524241	1
1	80559077	1
1	80560392	1
1	80561111	1
1	80591939	1
1	80592092	1
1	80598198	1
1	80669302	1
1	80833304	1
1	80833454	1
1	80833655	1
1	80833658	1
1	80833694	1
1	80833816	1
1	80834539	1
1	80835981	1
1	80850965	1
1	81013179	1
1	81410256	1
1	81464383	1
1	81567297	1
1	81615781	1
1	81750427	1
1	81750832	1
1	81795435	1
1	81924913	1
1	81927446	1
1	81936802	1
1	82026244	1
1	82220128	1
1	82321261	1
1	82424459	1
1	82629061	1
1	82787205	1
1	82927826	1
1	82927841	1
1	82935946	1
1	82954172	1
1	83012088	1
1	83059266	1
1	83059316	1
1	83060566	1
1	83060620	1
1	83130290	1
1	83138255	1
1	83154468	1
1	83177518	1
1	83187094	1
1	83187100	1
1	83187304	1
1	83220172	1
1	83283673	1
1	83416455	1
1	83416555	1
1	83416662	1
1	83418674	1
1	83419031	1
1	83419440	1
1	83488954	1
1	83602369	1
1	83608525	1
1	83843357	1
1	84026698	1
1	84062794	1
1	84062807	1
1	84186552	1
1	84208108	1
1	84214190	1
1	84214236	1
1	84214331	1
1	84214593	1
1	84214632	1
1	84214717	1
1	84215031	1
1	84215166	1
1	84217773	1
1	84219154	1
1	84398766	1
1	84401586	1
1	84405463	1
1	84457106	1
1	84596689	1
1	84727196	1
1	84727244	1
1	84728052	1
1	84900698	1
1	84979169	1
1	85047878	1
1	85243930	1
1	85244059	1
1	85323395	1
1	85466533	1
1	85499588	1
1	85544623	1
1	85545111	1
1	85660794	1
1	85715615	1
1	85760205	1
1	85897859	1
1	85902599	1
1	85916184	1
1	85953453	1
1	86088641	1
1	86090282	1
1	86090388	1
1	86095563	1
1	86095990	1
1	86153316	1
1	86153327	1
1	86164613	1
1	86251604	1
1	86305720	1
1	86305814	1
1	86328884	1
1	86354960	1
1	86355044	1
1	86355281	1
1	86355313	1
1	86356334	1
1	86356478	1
1	86387941	1
1	86439713	1
1	86441457	1
1	86442644	1
1	86527570	1
1	86598470	1
1	86602967	1
1	86663670	1
1	86745999	1
1	86750211	1
1	86750499	1
1	86847460	1
1	86847564	1
1	86847570	1
1	86847750	1
1	86848639	1
1	86877878	1
1	86887703	1
1	86942383	1
1	87030691	1
1	87096729	1
1	87161066	1
1	87161681	1
1	87161795	1
1	87180917	1
1	87196723	1
1	87322718	1
1	87392925	1
1	87463611	1
1	87558284	1
1	87600773	1
1	87663628	1
1	87731582	1
1	87731694	1
1	87733935	1
1	87746117	1
1	87749782	1
1	87944567	1
1	87965133	1
1	87973310	1
1	87982085	1
1	88022361	1
1	88057276	1
1	88127428	1
1	88173638	1
1	88294149	1
1	88294281	1
1	88322772	1
1	88347389	1
1	88362869	1
1	88389559	1
1	88409440	1
1	88409494	1
1	88434918	1
1	88451543	1
1	88451740	1
1	88451745	1
1	88451789	1
1	88451932	1
1	88452136	1
1	88471573	1
1	88535784	1
1	88583876	1
2	2060425	1
2	2450782	1
2	3616437	1
2	3747968	1
2	4194794	1
2	4479389	1
2	4885093	1
2	5159301	1
2	5355128	1
2	5510774	1
2	5552574	1
2	6068801	1
2	6090074	1
2	6646800	1
2	6647786	1
2	6891436	1
2	7050595	1
2	7050714	1
2	7426870	1
2	7830631	1
2	8170031	1
2	8181481	1
2	8202528	1
2	8246208	1
2	8398866	1
2	8799527	1
2	8802885	1
2	9296457	1
2	9296652	1
2	9299863	1
2	9329409	1
2	9338337	1
2	9766840	1
2	9768104	1
2	11020073	1
2	11058949	1
2	11058974	1
2	11364732	1
2	11867942	1
2	11952609	1
2	11952638	1
2	12004053	1
2	12188316	1
2	12188474	1
2	12188989	1
2	12504800	1
2	12538232	1
2	12644320	1
2	12949299	1
2	12949976	1
2	13566872	1
2	13566944	1
2	13572207	1
2	13688306	1
2	13697157	1
2	13697423	1
2	13697523	1
2	13803194	1
2	13957845	1
2	14041901	1
2	14350758	1
2	14356628	1
2	14356660	1
2	14356716	1
2	14412121	1
2	14506341	1
2	14506693	1
2	14614439	1
2	14833968	1
2	15060346	1
2	15157259	1
2	15287033	1
2	15292958	1
2	15518723	1
2	15518745	1
2	15695583	1
2	15695649	1
2	15695730	1
2	15747087	1
2	15758653	1
2	15869417	1
2	15929182	1
2	16034562	1
2	16050745	1
2	16229386	1
2	16839940	1
2	16846746	1
2	17183198	1
2	17206059	1
2	17206417	1
2	17236308	1
2	17379552	1
2	17834472	1
2	18042076	1
2	18499853	1
2	18501334	1
2	18501382	1
2	18501607	1
2	18501616	1
2	18520191	1
2	18814182	1
2	18883765	1
2	19537381	1
2	19537468	1
2	19538764	1
2	19538815	1
2	19538859	1
2	19580609	1
2	19874372	1
2	19911208	1
2	19963833	1
2	20193466	1
2	20235232	1
2	20355744	1
2	20476838	1
2	20497672	1
2	20681182	1
2	20681191	1
2	20681206	1
2	20681291	1
2	20681320	1
2	20681610	1
2	21205475	1
2	21725617	1
2	21868107	1
2	22006899	1
2	22084159	1
2	22085334	1
2	22393286	1
2	22417546	1
2	22419484	1
2	22501415	1
2	22600527	1
2	22600985	1
2	22601132	1
2	22602148	1
2	22604793	1
2	22621454	1
2	22737101	1
2	22749459	1
2	22810921	1
2	22849535	1
2	22975919	1
2	23360573	1
2	23426000	1
2	23504101	1
2	23550242	1
2	23690363	1
2	23798841	1
2	23799665	1
2	23799708	1
2	23799767	1
2	23800361	1
2	23800477	1
2	23983466	1
2	24149038	1
2	24184641	1
2	24186195	1
2	24187753	1
2	24744980	1
2	24858189	1
2	24910452	1
2	24920780	1
2	25003703	1
2	25050263	1
2	25051954	1
2	25053972	1
2	25072603	1
2	25297887	1
2	25305517	1
2	25322260	1
2	25322287	1
2	25423284	1
2	25478266	1
2	25487345	1
2	25508015	1
2	25514625	1
2	25560351	1
2	25560378	1
2	25562876	1
2	25564066	1
2	25612912	1
2	25726378	1
2	25838557	1
2	25936033	1
2	25936087	1
2	25936297	1
2	26025648	1
2	26158341	1
2	26199529	1
2	26262335	1
2	26650777	1
2	26744045	1
2	26771646	1
2	26939177	1
2	27031109	1
2	27086486	1
2	27086672	1
2	27086819	1
2	27088040	1
2	27088240	1
2	27097448	1
2	27097616	1
2	27099641	1
2	27099743	1
2	27143975	1
2	27190087	1
2	27290595	1
2	27331134	1
2	27375174	1
2	27411239	1
2	27412222	1
2	27419948	1
2	27459050	1
2	27511649	1
2	27547993	1
2	27553265	1
2	27557527	1
2	27618678	1
2	27618698	1
2	27674891	1
2	27675439	1
2	27676729	1
2	27676733	1
2	27679089	1
2	27686307	1
2	27692684	1
2	27856828	1
2	27856858	1
2	27856861	1
2	27856921	1
2	27857419	1
2	27859923	1
2	27860001	1
2	27860245	1
2	27880249	1
2	27882300	1
2	27982556	1
2	27982808	1
2	28040094	1
2	28112404	1
2	28147347	1
2	28230212	1
2	28348080	1
2	28505685	1
2	28746087	1
2	28831038	1
2	28832309	1
2	28938773	1
2	29093511	1
2	29093735	1
2	29093850	1
2	29135913	1
2	29135932	1
2	29136054	1
2	29136168	1
2	29136866	1
2	29136948	1
2	29137011	1
2	29163404	1
2	29312995	1
2	29416166	1
2	29665074	1
2	29665296	1
2	29861092	1
2	29883619	1
2	29888001	1
2	29922614	1
2	29922863	1
2	29922906	1
2	29922924	1
2	29929027	1
2	29929772	1
2	29930069	1
2	29955410	1
2	29990972	1
2	30022358	1
2	30044642	1
2	30044782	1
2	30123011	1
2	30142847	1
2	30147347	1
2	30364307	1
2	30401430	1
2	30480670	1
2	30533869	1
2	30534382	1
2	30575837	1
2	30785582	1
2	30785663	1
2	31021346	1
2	31028005	1
2	31060140	1
2	31205430	1
2	31350143	1
2	31447986	1
2	31520933	1
2	31571293	1
2	31590970	1
2	31663285	1
2	31714404	1
2	31839875	1
2	32042979	1
2	32084808	1
2	32148414	1
2	32166954	1
2	32220107	1
2	32451482	1
2	32497885	1
2	32611745	1
2	32647366	1
2	32668601	1
2	32669355	1
2	32669674	1
2	32669719	1
2	32669950	1
2	32670575	1
2	32670900	1
2	32671197	1
2	32671241	1
2	32806337	1
2	32820618	1
2	32822982	1
2	33076297	1
2	33106169	1
2	33162240	1
2	33204519	1
2	33266694	1
2	33270568	1
2	33276009	1
2	33339084	1
2	33352128	1
2	33352248	1
2	33357550	1
2	33667498	1
2	33667519	1
2	33668270	1
2	33798618	1
2	33978983	1
2	34078475	1
2	34171906	1
2	34211649	1
2	34213463	1
2	34237017	1
2	34461501	1
2	34594639	1
2	34739125	1
2	34928666	1
2	35112246	1
2	35183791	1
2	35186249	1
2	35186330	1
2	35186363	1
2	35186396	1
2	35399277	1
2	35523028	1
2	35549497	1
2	35579208	1
2	35600538	1
2	35600642	1
2	35657856	1
2	35675019	1
2	35990827	1
2	36229830	1
2	36329310	1
2	36330134	1
2	36364447	1
2	36364535	1
2	36364709	1
2	36364714	1
2	36364840	1
2	36364867	1
2	36364959	1
2	36365001	1
2	36365184	1
2	36365289	1
2	36365433	1
2	36365601	1
2	36365652	1
2	36374698	1
2	36375306	1
2	36422460	1
2	36455029	1
2	36455167	1
2	36455254	1
2	36455503	1
2	36455671	1
2	36455707	1
2	36455917	1
2	36599213	1
2	36728587	1
2	36799197	1
2	36801923	1
2	36837559	1
2	36842663	1
2	36868741	1
2	36878810	1
2	36879127	1
2	36959331	1
2	36959334	1
2	37017928	1
2	37341815	1
2	37369714	1
2	37411847	1
2	37438491	1
2	37439083	1
2	37464421	1
2	37474663	1
2	37474756	1
2	37474813	1
2	37474969	1
2	37475092	1
2	37530501	1
2	37530951	1
2	37577586	1
2	37622394	1
2	37654538	1
2	37676152	1
2	37830883	1
2	37831845	1
2	37846065	1
2	37890365	1
2	37890658	1
2	37903454	1
2	37982843	1
2	38046786	1
2	38121256	1
2	38121294	1
2	38189801	1
2	38230143	1
2	38386350	1
2	38619974	1
2	38654150	1
2	38688212	1
2	38688295	1
2	38688398	1
2	38688454	1
2	38688568	1
2	38689941	1
2	38693442	1
2	38837610	1
2	39062507	1
2	39073504	1
2	39073567	1
2	39073604	1
2	39073798	1
2	39074490	1
2	39144889	1
2	39144899	1
2	39228023	1
2	39369211	1
2	39369313	1
2	39369457	1
2	39369471	1
2	39370219	1
2	39593338	1
2	39718023	1
2	39934251	1
2	39940755	1
2	39969910	1
2	40132479	1
2	40132605	1
2	40133029	1
2	40294533	1
2	40295082	1
2	40295371	1
2	40564885	1
2	40634592	1
2	40804323	1
2	40896280	1
2	40953208	1
2	40989011	1
2	41047745	1
2	41088098	1
2	41134803	1
2	41348074	1
2	41356869	1
2	41356967	1
2	41356974	1
2	41357618	1
2	41357648	1
2	41359045	1
2	41368249	1
2	41510054	1
2	41637553	1
2	41637559	1
2	41745189	1
2	41745346	1
2	41814861	1
2	41814873	1
2	41891749	1
2	41904235	1
2	41911010	1
2	41911252	1
2	41911264	1
2	41911481	1
2	41911562	1
2	41911640	1
2	41993919	1
2	42014714	1
2	42082955	1
2	42178510	1
2	42178564	1
2	42178921	1
2	42179071	1
2	42179952	1
2	42180125	1
2	42320744	1
2	42320746	1
2	42320752	1
2	42378785	1
2	42432523	1
2	42474431	1
2	42536778	1
2	42597150	1
2	42645671	1
2	42657363	1
2	42660643	1
2	42663931	1
2	42733475	1
2	42764457	1
2	43112392	1
2	43166698	1
2	43283777	1
2	43804889	1
2	43809958	1
2	44159208	1
2	44458190	1
2	44458217	1
2	44458261	1
2	44458744	1
2	44471630	1
2	44698431	1
2	44773069	1
2	44773246	1
2	44773405	1
2	44810486	1
2	44944694	1
2	45147257	1
2	45147540	1
2	45148084	1
2	45449221	1
2	45449277	1
2	45458636	1
2	45458750	1
2	45458975	1
2	45460606	1
2	45460986	1
2	45461381	1
2	45616777	1
2	45618397	1
2	45618817	1
2	45619058	1
2	45619076	1
2	45649739	1
2	45652445	1
2	45652453	1
2	45652583	1
2	45652664	1
2	45652812	1
2	45652911	1
2	45652977	1
2	45653058	1
2	45694416	1
2	45695417	1
2	45695531	1
2	45695537	1
2	45695588	1
2	45695644	1
2	45695666	1
2	45695772	1
2	45744472	1
2	45756358	1
2	45788038	1
2	46190640	1
2	46195190	1
2	46195203	1
2	46195322	1
2	46195346	1
2	46196337	1
2	46291602	1
2	46384291	1
2	46387242	1
2	46940897	1
2	46986482	1
2	47119850	1
2	47137398	1
2	47137401	1
2	47137638	1
2	47137763	1
2	47142731	1
2	47182735	1
2	47200650	1
2	47223807	1
2	47302372	1
2	47324048	1
2	47324196	1
2	47324198	1
2	47324246	1
2	47324335	1
2	47324387	1
2	47325169	1
2	47325275	1
2	47325484	1
2	47325502	1
2	47325613	1
2	47326485	1
2	47326606	1
2	47327434	1
2	47327523	1
2	47327530	1
2	47327646	1
2	47327666	1
2	47625735	1
2	47625747	1
2	47627355	1
2	47627484	1
2	47627520	1
2	47627703	1
2	47712488	1
2	47808850	1
2	47995095	1
2	47995191	1
2	48498156	1
2	48564909	1
3	217248	1
3	325646	1
3	366332	1
3	419098	1
3	419123	1
3	454269	1
3	468838	1
3	659121	1
3	859369	1
3	872029	1
3	982932	1
3	983008	1
3	1267563	1
3	1269875	1
3	1272794	1
3	1276837	1
3	1276863	1
3	1536781	1
3	1541622	1
3	1575045	1
3	1580212	1
3	1611409	1
3	1612323	1
3	1623976	1
3	1904181	1
3	1954563	1
3	2357814	1
3	2390429	1
3	2524231	1
3	2565354	1
3	3014439	1
3	3014454	1
3	3014625	1
3	3014691	1
3	3014826	1
3	3014973	1
3	3015066	1
3	3107887	1
3	3161621	1
3	3672939	1
3	3673234	1
3	3779370	1
3	4234685	1
3	4378373	1
3	4382671	1
3	4432953	1
3	4446760	1
3	4670814	1
3	4732420	1
3	5430309	1
3	5430320	1
3	5430430	1
3	5448586	1
3	5544185	1
3	5574752	1
3	5580430	1
3	5580782	1
3	5657114	1
3	6354080	1
3	7105399	1
3	7105688	1
3	7217277	1
3	7288799	1
3	7288867	1
3	7289267	1
3	7289647	1
3	7289711	1
3	7337024	1
3	7337144	1
3	7599703	1
3	7824125	1
3	8177658	1
3	8219311	1
3	8263418	1
3	8390507	1
3	8564101	1
3	8564142	1
3	9163294	1
3	9358570	1
3	9603835	1
3	9777979	1
3	9971288	1
3	10245644	1
3	10383457	1
3	10654105	1
3	11287783	1
3	11792597	1
3	12886399	1
3	13104179	1
3	13393873	1
3	13505833	1
3	13562131	1
3	13584242	1
3	13585654	1
3	13716066	1
3	13830637	1
3	13872519	1
3	13929679	1
3	13982016	1
3	13982109	1
3	13982156	1
3	14139961	1
3	14203339	1
3	14646478	1
3	14979685	1
3	15243506	1
3	15355001	1
3	15654535	1
3	16008414	1
3	16833849	1
3	16887518	1
3	16913527	1
3	16988929	1
3	16989140	1
3	17013558	1
3	17198119	1
3	17239214	1
3	17239217	1
3	17336653	1
3	17668007	1
3	17668275	1
3	17668335	1
3	17668488	1
3	17668662	1
3	17668710	1
3	18052893	1
3	18052994	1
3	18855669	1
3	18972218	1
3	19105081	1
3	19813675	1
3	19893461	1
3	20183296	1
3	20614716	1
3	20633625	1
3	21336716	1
3	22177581	1
3	22430579	1
3	22658606	1
3	22782440	1
3	22942919	1
3	22942945	1
3	22942960	1
3	22982620	1
3	22982837	1
3	23155488	1
3	23462197	1
3	25147073	1
3	25740974	1
3	25742118	1
3	25742346	1
3	25746032	1
3	27868119	1
3	28082959	1
3	31011140	1
3	31023949	1
3	31023966	1
3	31056089	1
3	31056337	1
3	31056417	1
3	31363467	1
3	31745504	1
3	31879411	1
3	32080786	1
3	32759308	1
3	32828579	1
3	32856641	1
3	32950090	1
3	32950171	1
3	33393461	1
3	33464174	1
3	33475318	1
3	33495019	1
3	33495209	1
3	33496751	1
3	33836905	1
3	34350488	1
3	34373409	1
3	34399858	1
3	34432175	1
3	34433739	1
3	34492320	1
3	34493007	1
3	34493699	1
3	34637736	1
3	34638581	1
3	35218601	1
3	35358381	1
3	35457992	1
3	35939787	1
3	35940612	1
3	35991675	1
3	36000522	1
3	36000658	1
3	36001002	1
3	36151152	1
3	36151220	1
3	36152649	1
3	36334363	1
3	36484535	1
3	36528674	1
3	36658149	1
3	36840643	1
3	36920317	1
3	36939832	1
3	37121012	1
3	37167370	1
3	37485839	1
3	37489785	1
3	37489792	1
3	37493452	1
3	37495967	1
3	37678746	1
3	37699819	1
3	38085008	1
3	38141607	1
3	38142166	1
3	38153740	1
3	38175099	1
3	38177443	1
3	38315031	1
3	38435099	1
3	38662974	1
3	38756280	1
3	38758796	1
3	39198462	1
3	39198646	1
3	39221780	1
3	39255217	1
3	39255236	1
3	39255317	1
3	39257162	1
3	39257271	1
3	39257352	1
3	39257411	1
3	39257459	1
3	39257577	1
3	39257702	1
3	39258166	1
3	39258512	1
3	39259017	1
3	39259070	1
3	39312768	1
3	39312775	1
3	39313859	1
3	39314312	1
3	39314332	1
3	39314387	1
3	39584588	1
3	40024360	1
3	40102342	1
3	40197844	1
3	40248445	1
3	40295978	1
3	40339071	1
3	40768867	1
3	41056491	1
3	41324382	1
3	41464792	1
3	41496608	1
3	41507559	1
3	41530089	1
3	41580211	1
3	41645779	1
3	41651732	1
3	41778945	1
3	41779526	1
3	41780626	1
3	41992129	1
3	41994529	1
3	42057000	1
3	42154551	1
3	42289087	1
3	42570907	1
3	42943917	1
3	43024161	1
3	43224595	1
3	43326301	1
3	43326576	1
3	43326700	1
3	43326802	1
3	43326959	1
3	43326982	1
3	43390870	1
3	43465296	1
3	43469293	1
3	43497910	1
3	43497970	1
3	43498325	1
3	43573501	1
3	43602976	1
3	43631694	1
3	43632258	1
3	44090353	1
3	44178120	1
3	44217284	1
3	44336061	1
3	44344381	1
3	44510670	1
3	44512686	1
3	44517478	1
3	44675684	1
3	44751875	1
3	44752567	1
3	44828352	1
3	45002749	1
3	45061263	1
3	45121049	1
3	45121807	1
3	45302180	1
3	45385967	1
3	45386107	1
3	45386311	1
3	45386371	1
3	45388663	1
3	45388822	1
3	45388939	1
3	45388999	1
3	45478753	1
3	45603662	1
3	45603698	1
3	45686390	1
3	45686495	1
3	45805462	1
3	45904981	1
3	45979293	1
3	46234638	1
3	46265419	1
3	46265431	1
3	46395963	1
3	46423001	1
3	46423284	1
3	46423292	1
3	46423346	1
3	46475184	1
3	46475259	1
3	46475610	1
3	46481324	1
3	46528226	1
3	46912690	1
3	46923611	1
3	47073242	1
3	47076266	1
3	47076475	1
3	47076714	1
3	47137231	1
3	47155647	1
3	47331257	1
3	47493308	1
3	47553804	1
3	47769763	1
3	48017163	1
3	48087983	1
3	48275468	1
3	48343451	1
3	48470944	1
3	48471111	1
3	48482478	1
3	48482692	1
3	48539766	1
3	48729670	1
3	48737479	1
3	48746307	1
3	48747525	1
3	48762278	1
3	48764500	1
3	48882551	1
3	48911771	1
3	48939759	1
3	48939821	1
3	48943709	1
3	48943944	1
3	49231930	1
3	49245954	1
3	49317882	1
3	49358645	1
3	49358697	1
3	49393157	1
3	49393264	1
3	49393382	1
3	49393415	1
3	49685880	1
3	49685892	1
3	49713769	1
3	50294881	1
3	50350319	1
3	50455611	1
3	50490035	1
3	50564010	1
3	50573479	1
3	50637438	1
3	50686715	1
3	50688268	1
3	51038140	1
3	51091650	1
3	51282166	1
3	51404183	1
3	51404231	1
3	51404258	1
3	51404309	1
3	51404520	1
3	51404549	1
3	51404622	1
3	51474620	1
3	51601574	1
3	51723928	1
3	51936288	1
3	51972224	1
3	52406152	1
3	52406533	1
3	52483910	1
3	52486441	1
3	52546341	1
3	52584809	1
3	52657949	1
3	52909720	1
3	53162415	1
3	53162686	1
3	53203226	1
3	53227560	1
3	53227603	1
3	53227622	1
3	53228507	1
3	53228537	1
3	53228558	1
3	53270167	1
3	53272697	1
3	53279728	1
3	53309062	1
3	53314079	1
3	53421860	1
3	53421920	1
3	53422457	1
3	53433832	1
3	53434069	1
3	53434144	1
3	53434206	1
3	53436559	1
3	53438845	1
3	53439319	1
3	53526715	1
3	53549043	1
3	53572209	1
3	53665337	1
3	53747981	1
3	53844018	1
3	54141894	1
3	54314873	1
3	54368685	1
3	54369094	1
3	54373785	1
3	54469809	1
3	54580832	1
3	54582047	1
3	54582101	1
3	54657023	1
3	55067483	1
3	55234525	1
3	55234591	1
3	55234622	1
3	55234645	1
3	55234747	1
3	55234798	1
3	55235957	1
3	55291392	1
3	55454889	1
3	55642414	1
3	55642455	1
3	55645038	1
3	55645069	1
3	55786270	1
3	55816412	1
3	55883276	1
3	55905943	1
3	55910650	1
3	55910771	1
3	55910974	1
3	55911538	1
3	55911715	1
3	55985522	1
3	55999347	1
3	56390223	1
3	56420552	1
3	56440455	1
3	56573127	1
3	56586920	1
3	56604220	1
3	56604264	1
3	56604634	1
3	56661756	1
3	56667078	1
3	56672195	1
3	56672317	1
3	56935521	1
3	57294558	1
3	57295688	1
3	57296129	1
3	57311835	1
3	57405135	1
3	57407195	1
3	57407387	1
3	57407388	1
3	57407502	1
3	57407570	1
3	57407696	1
3	57407744	1
3	57407801	1
3	57407879	1
3	57566842	1
3	57566866	1
3	57568936	1
3	57568965	1
3	57569155	1
3	57569263	1
3	57569521	1
3	57569599	1
3	57601387	1
3	57875508	1
3	58106851	1
3	58286083	1
3	58286131	1
3	58295011	1
3	58322172	1
3	58455206	1
3	58609665	1
3	58609796	1
3	58611092	1
3	58611143	1
3	58651016	1
3	58658366	1
3	58877109	1
3	58877163	1
3	58944486	1
3	59574996	1
3	59769294	1
3	59808996	1
3	59982671	1
3	60491901	1
3	60937507	1
3	60937578	1
3	61035987	1
3	61757458	1
3	61794475	1
3	61796656	1
3	61796934	1
3	61870684	1
3	61872439	1
3	61874817	1
3	61876342	1
3	61998553	1
3	62033001	1
3	62269671	1
4	17660	1
4	117620	1
4	438486	1
4	635886	1
4	641790	1
4	656192	1
4	656429	1
4	656465	1
4	657489	1
4	658706	1
4	659638	1
4	660102	1
4	663819	1
4	663858	1
4	745614	1
4	769207	1
4	853545	1
4	856438	1
4	856999	1
4	857113	1
4	1118401	1
4	1242313	1
4	1520854	1
4	1633476	1
4	1677715	1
4	1684582	1
4	1718593	1
4	1821002	1
4	1932918	1
4	2032297	1
4	2118607	1
4	2207405	1
4	2207457	1
4	2207703	1
4	2210334	1
4	2572452	1
4	2680042	1
4	2714003	1
4	3053341	1
4	3127465	1
4	3127475	1
4	3240076	1
4	3294734	1
4	3500991	1
4	3562172	1
4	3805809	1
4	3816447	1
4	3817934	1
4	3872265	1
4	3872267	1
4	3903824	1
4	3903850	1
4	3905183	1
4	3917480	1
4	3924918	1
4	3926768	1
4	3926879	1
4	4023794	1
4	4586164	1
4	4587018	1
4	4606550	1
4	4770130	1
4	4816626	1
4	4821112	1
4	4832664	1
4	4903359	1
4	4948774	1
4	5030164	1
4	5046865	1
4	5192938	1
4	5205905	1
4	5215800	1
4	5256206	1
4	5435822	1
4	5453095	1
4	5488531	1
4	5488574	1
4	5488735	1
4	5488858	1
4	5489011	1
4	5513361	1
4	5521580	1
4	5603404	1
4	6178872	1
4	6202137	1
4	6209862	1
4	6210340	1
4	6210370	1
4	6210397	1
4	6297654	1
4	6380666	1
4	6614553	1
4	6717567	1
4	6942764	1
4	6958040	1
4	6958720	1
4	6958789	1
4	6960381	1
4	6978730	1
4	7041420	1
4	7099708	1
4	7121345	1
4	7122790	1
4	7368483	1
4	7521115	1
4	7524216	1
4	7546115	1
4	7546220	1
4	7546334	1
4	7546471	1
4	7547910	1
4	7553892	1
4	7615110	1
4	7898214	1
4	7966239	1
4	7966312	1
4	8016002	1
4	8016032	1
4	8016281	1
4	8060573	1
4	8176305	1
4	8209896	1
4	8218291	1
4	8218414	1
4	8218478	1
4	8413993	1
4	8712928	1
4	9203540	1
4	9262447	1
4	9276117	1
4	9276426	1
4	9315557	1
4	9520486	1
4	9521322	1
4	9523209	1
4	9523734	1
4	9523778	1
4	9523808	1
4	9524196	1
4	9524367	1
4	9524454	1
4	9524541	1
4	9524613	1
4	9525263	1
4	9525295	1
4	9525367	1
4	9525557	1
4	9588125	1
4	9590925	1
4	9592426	1
4	9592552	1
4	9648247	1
4	9747341	1
4	9747383	1
4	9749952	1
4	9750219	1
4	9787340	1
4	9810489	1
4	9941194	1
4	9941686	1
4	10035411	1
4	10102877	1
4	10132935	1
4	10138386	1
4	10138395	1
4	10390793	1
4	10567963	1
4	10968547	1
4	10969111	1
4	10993507	1
4	11108454	1
4	11350257	1
4	11654120	1
4	12136285	1
4	12313706	1
4	12328283	1
4	12333208	1
4	12333216	1
4	12333285	1
4	12358340	1
4	12425752	1
4	12425763	1
4	12425807	1
4	12425864	1
4	12428259	1
4	12428301	1
4	12428537	1
4	12430221	1
4	12430239	1
4	13549150	1
4	13555777	1
4	13555782	1
4	13555806	1
4	13556151	1
4	13556694	1
4	13863939	1
4	13865780	1
4	14695720	1
4	14749556	1
4	19581827	1
4	19953880	1
4	19955997	1
4	21441241	1
4	21441266	1
4	21441327	1
4	21716528	1
4	22839538	1
4	22839744	1
4	23107795	1
4	23511256	1
4	25014612	1
4	25020860	1
4	25021008	1
4	25029932	1
4	25320523	1
4	25320525	1
4	25335742	1
4	25356982	1
4	25357073	1
4	26534587	1
4	27006652	1
4	28152088	1
4	28997907	1
4	28997918	1
4	29010157	1
4	29012392	1
4	29012970	1
4	29636913	1
4	30716444	1
4	30812992	1
4	31160462	1
4	31162129	1
4	31162231	1
4	31162267	1
4	31226172	1
4	31876491	1
4	31876688	1
4	31884920	1
4	32092217	1
4	32229561	1
4	32402750	1
4	32779431	1
4	33160548	1
4	33265976	1
4	33473330	1
4	34230472	1
4	34826074	1
4	34826609	1
4	35757952	1
4	36017106	1
4	36017189	1
4	36017441	1
4	36304229	1
4	37632125	1
4	37632181	1
4	37992737	1
4	37992766	1
4	38080947	1
4	38495988	1
4	40836388	1
4	41061520	1
4	41061674	1
4	41063555	1
4	41063770	1
4	41088881	1
4	42033246	1
4	42083066	1
4	42084637	1
4	42972233	1
4	43896886	1
4	44312537	1
4	44708097	1
4	45356695	1
4	45581120	1
4	45805693	1
4	45916672	1
4	46394596	1
4	46475704	1
4	46475710	1
4	46805479	1
4	47323192	1
4	47579278	1
4	48003427	1
4	48364272	1
4	48610397	1
4	48815596	1
4	48815750	1
4	48922939	1
4	49159890	1
4	49474555	1
4	49574635	1
4	50193422	1
4	50241640	1
4	50242180	1
4	50326084	1
4	50417350	1
4	50439537	1
4	50439613	1
4	50676447	1
4	50884547	1
4	50884571	1
4	50918691	1
4	50922404	1
4	51021590	1
4	51165594	1
4	51343345	1
4	51407692	1
4	51603036	1
4	51642492	1
4	51812751	1
4	51813823	1
4	51913379	1
4	52019130	1
4	52033872	1
4	52037629	1
4	52463182	1
4	52513480	1
4	52534629	1
4	52534681	1
4	52890220	1
4	52949494	1
4	52949504	1
4	52951523	1
4	52955196	1
4	53071653	1
4	53608476	1
4	53671782	1
4	53671822	1
4	53864206	1
4	53994118	1
4	54125991	1
4	54396697	1
4	54396852	1
4	54419164	1
4	54438742	1
4	54438748	1
4	54674058	1
4	55407627	1
4	55441858	1
4	55550962	1
4	56287980	1
4	56449719	1
4	56542379	1
4	56542397	1
4	56549845	1
4	56622443	1
4	56954459	1
4	57242921	1
4	57242937	1
4	57243271	1
4	57280595	1
4	57284957	1
4	57285169	1
4	57298517	1
4	57300201	1
4	57481102	1
4	57709890	1
4	57891085	1
4	57899405	1
4	57899561	1
4	57899858	1
4	57899966	1
4	57955477	1
4	58117285	1
4	58265704	1
4	58441497	1
4	58441701	1
4	58442164	1
4	58532735	1
4	58752313	1
4	58830957	1
4	58836709	1
4	58845309	1
4	58868987	1
4	58875538	1
4	58910549	1
4	58951832	1
4	59097353	1
4	59098892	1
4	59150916	1
4	59465015	1
4	59803234	1
4	59803681	1
4	59825374	1
4	59828873	1
4	59828910	1
4	59829020	1
4	59829029	1
4	60000008	1
4	60000105	1
4	60037750	1
4	60133081	1
4	60197994	1
4	60198048	1
4	60206967	1
4	60213972	1
4	60254953	1
4	60255822	1
4	60256759	1
4	60551488	1
4	60611728	1
4	60660476	1
4	61102521	1
4	61160138	1
4	61194011	1
4	61215427	1
4	61284452	1
4	61490468	1
4	61541735	1
4	62092684	1
4	62135720	1
4	62257382	1
4	62423409	1
4	62427371	1
4	62597664	1
4	62633355	1
4	62752969	1
4	62775952	1
4	63017719	1
4	63040037	1
4	63076109	1
4	63406121	1
4	63433340	1
4	63515949	1
4	63548207	1
4	63558935	1
4	63562121	1
4	63659283	1
4	63659301	1
4	63659421	1
4	63664170	1
4	63668434	1
4	63845729	1
4	64012524	1
4	64022298	1
4	64055406	1
4	64061387	1
4	64087659	1
4	64134829	1
4	64206034	1
4	64216808	1
4	64216910	1
4	64234719	1
4	64275135	1
4	64549009	1
4	64758588	1
4	64775857	1
4	64775886	1
4	64775900	1
4	64775909	1
4	64776004	1
4	64781980	1
4	64781984	1
4	64867844	1
4	64889277	1
4	64973061	1
4	64996975	1
4	65000546	1
4	65301176	1
4	65301179	1
4	65577930	1
4	65583822	1
4	65591077	1
4	65600243	1
4	65600291	1
4	65727042	1
4	65750963	1
4	65767269	1
4	65802638	1
4	65866827	1
4	65867121	1
4	65867228	1
4	65872176	1
4	65969881	1
4	65969951	1
4	65970096	1
4	65970282	1
4	65970382	1
4	65970724	1
4	65970813	1
4	65970827	1
4	65970953	1
4	65970986	1
4	65971150	1
4	65971159	1
4	65971250	1
4	65971280	1
4	65971380	1
4	65971435	1
4	65971441	1
4	65971563	1
4	65971751	1
4	65972399	1
4	65972478	1
4	65972517	1
4	65972586	1
4	65972774	1
4	66043528	1
4	66043536	1
4	66074599	1
4	66142540	1
4	66204641	1
4	66204701	1
4	66204783	1
4	66204806	1
4	66212305	1
4	66415083	1
4	66529660	1
4	66650026	1
4	66777995	1
4	66920028	1
4	67048197	1
4	67130719	1
4	67171309	1
4	67190473	1
4	67248738	1
4	67294193	1
4	67294211	1
4	67342310	1
4	67422348	1
4	67552618	1
4	67567676	1
4	67570682	1
4	67585796	1
4	67609888	1
4	67631273	1
4	67631327	1
4	67766128	1
4	67785510	1
4	67842288	1
4	67953469	1
4	67981001	1
4	67981010	1
4	67981117	1
4	67981149	1
4	67981400	1
4	67981423	1
4	67981538	1
4	67981553	1
4	67982840	1
4	67982950	1
4	67983036	1
4	67983299	1
4	67983402	1
4	67984407	1
4	67984659	1
4	67984665	1
4	67985135	1
4	67985201	1
4	67985836	1
4	68059930	1
4	68141446	1
4	68259021	1
4	68295710	1
4	68439384	1
4	68481475	1
4	68734083	1
4	68865108	1
4	68868319	1
4	69026707	1
4	69050482	1
4	69079236	1
4	69122414	1
4	69138945	1
4	69148562	1
4	69148700	1
4	69148721	1
4	69148829	1
4	69149897	1
4	69150093	1
4	69185901	1
4	69186102	1
4	69206404	1
4	69206573	1
4	69206746	1
4	69209192	1
4	69311500	1
4	69322253	1
4	69323144	1
4	69336216	1
4	69345026	1
4	69363089	1
4	69391846	1
4	69391945	1
4	69415006	1
4	69420030	1
4	69649074	1
4	69830197	1
4	70185081	1
4	70185119	1
4	70186406	1
4	70199242	1
4	70199251	1
4	70199444	1
4	70200587	1
4	70201797	1
4	70222194	1
4	70365272	1
4	70396887	1
4	70589201	1
4	70731750	1
4	70787279	1
4	70787357	1
4	70805587	1
4	70805737	1
4	70805773	1
4	70807043	1
4	70878898	1
4	70878904	1
4	70878916	1
4	70879006	1
4	70880221	1
4	70880440	1
4	70880906	1
4	70880971	1
4	70939324	1
4	70939674	1
4	70939686	1
4	70941431	1
4	70945073	1
4	70945636	1
4	70953672	1
4	70954545	1
4	70954662	1
4	70954731	1
4	71076408	1
4	71333000	1
4	71335030	1
4	71336662	1
4	71359551	1
4	71383390	1
4	71383392	1
4	71383501	1
4	71383530	1
4	71383982	1
4	71384419	1
4	71385536	1
4	71387933	1
4	71449781	1
4	71449817	1
4	71588170	1
4	71589190	1
4	71590312	1
4	71591813	1
4	71591902	1
4	71592088	1
4	71592216	1
4	71592285	1
4	71592367	1
4	71592390	1
4	71592527	1
4	71592572	1
4	71593900	1
4	71593930	1
4	71638309	1
4	71654784	1
4	71826211	1
4	71826257	1
4	71826344	1
4	71826356	1
4	71826365	1
4	71827521	1
4	71827833	1
4	71828638	1
4	71854295	1
4	71866559	1
4	71868365	1
4	71945107	1
4	71954528	1
4	71954567	1
4	71954636	1
4	71955746	1
4	71956350	1
4	71956738	1
4	71957094	1
4	72022392	1
4	72022751	1
4	72023252	1
4	72026868	1
4	72026885	1
4	72039377	1
4	72039398	1
5	65193	1
5	65263	1
5	65287	1
5	65301	1
5	71198	1
5	71209	1
5	71220	1
5	71771	1
5	159426	1
5	164760	1
5	190926	1
5	224801	1
5	291556	1
5	324941	1
5	325029	1
5	325030	1
5	388873	1
5	389040	1
5	389065	1
5	389174	1
5	389266	1
5	389308	1
5	391001	1
5	391031	1
5	391812	1
5	412134	1
5	694091	1
5	694151	1
5	694286	1
5	694355	1
5	694469	1
5	694521	1
5	694541	1
5	694562	1
5	694653	1
5	703580	1
5	705671	1
5	705734	1
5	705850	1
5	705860	1
5	727316	1
5	1041105	1
5	1091964	1
5	1245711	1
5	1400727	1
5	1401058	1
5	1401063	1
5	1401412	1
5	1401419	1
5	1408684	1
5	1411584	1
5	1413720	1
5	1413732	1
5	1413816	1
5	1413897	1
5	1413918	1
5	1413945	1
5	1414020	1
5	1437827	1
5	1437829	1
5	1438051	1
5	1438486	1
5	1438693	1
5	1505540	1
5	1505744	1
5	1596529	1
5	1832192	1
5	1847520	1
5	1847556	1
5	1847677	1
5	1853441	1
5	1902218	1
5	1957512	1
5	1957584	1
5	1996437	1
5	1997209	1
5	2037634	1
5	2070289	1
5	2078006	1
5	2078142	1
5	2078964	1
5	2079133	1
5	2079217	1
5	2079223	1
5	2079802	1
5	2095774	1
5	2149871	1
5	2214471	1
5	2261080	1
5	2261237	1
5	2288291	1
5	2781880	1
5	3051266	1
5	3134967	1
5	3585641	1
5	3702171	1
5	3708757	1
5	3708760	1
5	3709723	1
5	3710249	1
5	4041510	1
5	4279075	1
5	4418403	1
5	4434048	1
5	4800417	1
5	4906728	1
5	4921752	1
5	4936332	1
5	4936615	1
5	5039916	1
5	5050162	1
5	5051562	1
5	5051710	1
5	5051766	1
5	5052466	1
5	5053838	1
5	5053932	1
5	5055627	1
5	5055684	1
5	5055763	1
5	5055948	1
5	5055959	1
5	5056005	1
5	5056010	1
5	5368339	1
5	5475828	1
5	5506532	1
5	5533993	1
5	5573355	1
5	5574612	1
5	5574733	1
5	5683864	1
5	5692751	1
5	5692769	1
5	5692904	1
5	5692913	1
5	5693667	1
5	5791983	1
5	5919249	1
5	5920033	1
5	5921198	1
5	5926421	1
5	5932020	1
5	5932061	1
5	5945550	1
5	5946439	1
5	5946481	1
5	5946775	1
5	5946946	1
5	5952162	1
5	5952206	1
5	5967825	1
5	5972364	1
5	5972374	1
5	5972404	1
5	5972568	1
5	5972571	1
5	6147926	1
5	6204099	1
5	6354190	1
5	6395068	1
5	6395149	1
5	6397015	1
5	6397142	1
5	6402146	1
5	6497821	1
5	6567537	1
5	6583448	1
5	6625026	1
5	6625039	1
5	6625290	1
5	6626727	1
5	6772274	1
5	6965234	1
5	7131020	1
5	7200278	1
5	7332437	1
5	7547043	1
5	7675049	1
5	7717307	1
5	7741542	1
5	7752975	1
5	7832577	1
5	8024220	1
5	8139333	1
5	8139386	1
5	8139557	1
5	8166198	1
5	8166228	1
5	8224735	1
5	8255737	1
5	8394934	1
5	8660304	1
5	8795719	1
5	8809052	1
5	9134438	1
5	9144053	1
5	9144438	1
5	9145671	1
5	9273361	1
5	9454607	1
5	9558289	1
5	9639945	1
5	9640047	1
5	9640075	1
5	9640076	1
5	9640118	1
5	9640678	1
5	9641156	1
5	9641516	1
5	9641856	1
5	9824412	1
5	10031602	1
5	10113014	1
5	10113926	1
5	10114175	1
5	10273830	1
5	10418984	1
5	10420581	1
5	10543629	1
5	10645907	1
5	10714562	1
5	10808069	1
5	11157517	1
5	11376900	1
5	11714089	1
5	12209043	1
5	12301602	1
5	12661379	1
5	13087731	1
5	13164523	1
5	13360466	1
5	13386684	1
5	13386689	1
5	13688447	1
5	14011967	1
5	14151270	1
5	14151710	1
5	14151730	1
5	14363563	1
5	14428203	1
5	14541535	1
5	14586944	1
5	14877362	1
5	15061631	1
5	15144817	1
5	15144915	1
5	15144939	1
5	15735037	1
5	15735180	1
5	15767704	1
5	15799188	1
5	15805565	1
5	16835124	1
5	17003787	1
5	17620118	1
5	17840305	1
5	18120712	1
5	18167048	1
5	18295841	1
5	18632465	1
5	18718517	1
5	19108700	1
5	19633164	1
5	20265189	1
5	20265893	1
5	20273756	1
5	20273826	1
5	20274240	1
5	20274281	1
5	20318671	1
5	20323453	1
5	20380406	1
5	21920999	1
5	22764258	1
5	25090309	1
5	25092573	1
5	27186875	1
5	28306604	1
5	29043101	1
5	32104744	1
5	32421001	1
5	32680860	1
5	32758033	1
5	32845925	1
5	33270249	1
5	34469818	1
5	34686144	1
5	34965675	1
5	35572771	1
5	35572914	1
5	35576954	1
5	36650064	1
5	36824795	1
5	36834630	1
5	36834762	1
5	37236177	1
5	38614493	1
5	39205488	1
5	39205522	1
5	39207879	1
5	39208090	1
5	39211022	1
5	39678218	1
5	39678342	1
5	39678348	1
5	39681703	1
5	40450599	1
5	40466421	1
5	41539479	1
5	41539529	1
5	41539860	1
5	41541268	1
5	41542623	1
5	42206237	1
5	42259194	1
5	42260024	1
5	42300405	1
5	42300779	1
5	42524215	1
5	42894565	1
5	42894591	1
5	42898344	1
5	42992190	1
5	43212090	1
5	43217842	1
5	43217989	1
5	43218223	1
5	43218321	1
5	43218399	1
5	43218748	1
5	43218843	1
5	43218969	1
5	43219267	1
5	43219353	1
5	43300256	1
5	43300258	1
5	43712364	1
5	44271960	1
5	44448583	1
5	44622109	1
5	44713672	1
5	44945062	1
5	44945205	1
5	44973442	1
5	45125984	1
5	45253852	1
5	45359901	1
5	45542551	1
5	45542647	1
5	45542672	1
5	45542750	1
5	45544150	1
5	45544180	1
5	45545592	1
5	45545670	1
5	45545694	1
5	45546177	1
5	45546574	1
5	45598757	1
5	45880461	1
5	45880548	1
5	45880602	1
5	45910606	1
5	45992075	1
5	46046095	1
5	46190276	1
5	46286812	1
5	46288575	1
5	46323215	1
5	46363167	1
5	46454617	1
5	46553296	1
5	46891499	1
5	46903123	1
5	47001476	1
5	47050080	1
5	47122961	1
5	47146520	1
5	47308843	1
5	47308888	1
5	47309125	1
5	47309135	1
5	47309196	1
5	47309576	1
5	47309920	1
5	47324660	1
5	47387016	1
5	47432612	1
5	47454994	1
5	47506482	1
5	47535067	1
5	47557989	1
5	47573236	1
5	47710741	1
5	47747659	1
5	47747766	1
5	47747794	1
5	47792504	1
5	47800112	1
5	47885675	1
5	47886732	1
5	47991614	1
5	47991663	1
5	48250197	1
5	48410057	1
5	48410135	1
5	48410178	1
5	48410294	1
5	48541183	1
5	48582519	1
5	48878549	1
5	48887625	1
5	48887667	1
5	48887856	1
5	48888060	1
5	48888213	1
5	48888480	1
5	48888489	1
5	49023267	1
5	49045619	1
5	49092589	1
5	49094113	1
5	49094140	1
5	49094498	1
5	49096606	1
5	49177407	1
5	49177458	1
5	49177482	1
5	49179471	1
5	49179532	1
5	49185487	1
5	49240696	1
5	49242992	1
5	49246855	1
5	49260635	1
5	49356615	1
5	49460622	1
5	49467088	1
5	49467229	1
5	49719416	1
5	49736378	1
5	49736422	1
5	49736471	1
5	49737704	1
5	49737818	1
5	49744187	1
5	49778404	1
5	49804489	1
5	49835932	1
5	49835986	1
5	49836134	1
5	49840687	1
5	49851548	1
5	49888144	1
5	49908824	1
5	50067596	1
5	50246886	1
5	50396941	1
5	50479738	1
5	50583686	1
5	50583699	1
5	50583833	1
5	50583895	1
5	50583953	1
5	50583991	1
5	50584137	1
5	50584317	1
5	50584455	1
5	50584477	1
5	50584500	1
5	50584727	1
5	50671067	1
5	50922126	1
5	51145330	1
5	51435110	1
5	51477749	1
5	51588199	1
5	51696835	1
5	51697156	1
5	51698150	1
5	51698153	1
5	51698176	1
5	51698275	1
5	51725467	1
5	51771399	1
5	51771451	1
5	51830050	1
5	51830789	1
5	51976952	1
5	51978384	1
5	51980344	1
5	51994498	1
5	51996069	1
5	51998374	1
6	64155	1
6	106518	1
6	141184	1
6	195511	1
6	226737	1
6	238858	1
6	257821	1
6	314510	1
6	314685	1
6	368267	1
6	368270	1
6	396389	1
6	398132	1
6	398244	1
6	398248	1
6	398248	1
6	410240	1
6	410471	1
6	410624	1
6	411086	1
6	471273	1
6	627882	1
6	764684	1
6	833354	1
6	1179882	1
6	1179939	1
6	1179971	1
6	1207075	1
6	1213731	1
6	1242783	1
6	1288686	1
6	1288828	1
6	1303853	1
6	1461571	1
6	1482569	1
6	1612506	1
6	1614261	1
6	1642570	1
6	1648043	1
6	1801624	1
6	1832292	1
6	1832894	1
6	1877188	1
6	1889144	1
6	1911161	1
6	1911169	1
6	1923484	1
6	2065804	1
6	2074295	1
6	2166162	1
6	2166517	1
6	2182330	1
6	2202825	1
6	2270608	1
6	2270659	1
6	2272652	1
6	2591073	1
6	2713822	1
6	2713850	1
6	2819027	1
6	2954516	1
6	3159768	1
6	3295487	1
6	3335960	1
6	3336148	1
6	3336388	1
6	3440812	1
6	3440844	1
6	3469120	1
6	3469522	1
6	3470372	1
6	3470384	1
6	3471762	1
6	3551683	1
6	3555939	1
6	3555942	1
6	3823781	1
6	3974752	1
6	3974830	1
6	4082786	1
6	4151533	1
6	4177003	1
6	4177195	1
6	4444482	1
6	4444971	1
6	4473040	1
6	4670128	1
6	4701224	1
6	4702155	1
6	4826262	1
6	4826898	1
6	4848840	1
6	4850123	1
6	4850359	1
6	5048456	1
6	5520109	1
6	5849720	1
6	5849852	1
6	5849928	1
6	5849993	1
6	5850053	1
6	5850803	1
6	5851192	1
6	5852757	1
6	5864065	1
6	5895227	1
6	6071303	1
6	6099875	1
6	6100004	1
6	6388474	1
6	6422447	1
6	6422780	1
6	6422832	1
6	6423296	1
6	6423476	1
6	6423713	1
6	6423722	1
6	6423959	1
6	6445075	1
6	6903226	1
6	6903541	1
6	7262763	1
6	7262879	1
6	7263350	1
6	7263358	1
6	7407390	1
6	7467662	1
6	7484322	1
6	7995004	1
6	8312329	1
6	8675856	1
6	8901750	1
6	9782622	1
6	10240158	1
6	10240254	1
6	11038269	1
6	11038742	1
6	11223944	1
6	11224867	1
6	11224953	1
6	11226293	1
6	12032376	1
6	15778047	1
6	17393943	1
6	17700454	1
6	20312642	1
6	20312683	1
6	21067273	1
6	21265193	1
6	21375520	1
6	21482244	1
6	23814407	1
6	23933179	1
6	24508161	1
6	24508249	1
6	24510112	1
6	24510122	1
6	24858593	1
6	25503089	1
6	25513719	1
6	26363264	1
6	26935261	1
6	27490699	1
6	28434793	1
6	28434931	1
6	28621195	1
6	28621753	1
6	28886273	1
6	29589233	1
6	29797293	1
6	29945939	1
6	29947610	1
6	30214532	1
6	30365962	1
6	30379521	1
6	30381815	1
6	30382091	1
6	30382462	1
6	30382472	1
6	30382751	1
6	30382874	1
6	30384618	1
6	30384625	1
6	30443070	1
6	30443140	1
6	30443155	1
6	30455863	1
6	30456106	1
6	30466255	1
6	30647661	1
6	30915096	1
6	31035063	1
6	31043830	1
6	31135283	1
6	31441466	1
6	31519424	1
6	31590352	1
6	31631446	1
6	31800267	1
6	31830854	1
6	32007868	1
6	32103689	1
6	32433877	1
6	32433919	1
6	32541853	1
6	33703950	1
6	33776207	1
6	33814201	1
6	34092138	1
6	34197058	1
6	34311641	1
6	34311754	1
6	34311834	1
6	34825744	1
6	34893250	1
6	34893351	1
6	34950532	1
6	35138137	1
6	35194342	1
6	35798871	1
6	35933697	1
6	36214491	1
6	36435709	1
6	36765007	1
6	36881092	1
6	36881223	1
6	36881380	1
6	36881392	1
6	36881468	1
6	36882933	1
6	36883178	1
6	36883186	1
6	37258967	1
6	37390413	1
6	37482850	1
6	37528473	1
6	37602023	1
6	37602140	1
6	37602254	1
6	37602989	1
6	37861839	1
6	37867794	1
6	37883612	1
6	37940976	1
6	37941102	1
6	37969924	1
6	37976441	1
6	38059242	1
6	38161612	1
6	38208809	1
6	38210696	1
6	38210711	1
6	38210992	1
6	38211153	1
6	38211208	1
6	38211306	1
6	38211332	1
6	38211470	1
6	38211559	1
6	38211638	1
6	38211801	1
6	38211989	1
6	38212118	1
6	38212853	1
6	38212878	1
6	38291420	1
6	38291438	1
6	38291714	1
6	38291760	1
6	38298215	1
6	38333228	1
6	38458958	1
6	38707786	1
6	38745809	1
6	38754845	1
6	38781660	1
6	38883066	1
6	39243760	1
6	39474806	1
6	39539088	1
6	39783311	1
6	39792242	1
6	39793124	1
6	39876347	1
6	39876795	1
6	39882582	1
6	39994899	1
6	40171177	1
6	40303649	1
6	40585733	1
6	40604943	1
6	40611306	1
6	41061435	1
6	41062247	1
6	41520176	1
6	41927092	1
6	41927126	1
6	41970290	1
6	42626082	1
6	42746310	1
6	42750769	1
6	42759644	1
6	42761193	1
6	42764269	1
6	42764312	1
6	42803263	1
6	42803660	1
6	42821213	1
6	43085205	1
6	43111882	1
6	43149474	1
6	43183046	1
6	43260421	1
6	43261432	1
6	43304876	1
6	43349985	1
6	43493149	1
6	43621182	1
6	43656207	1
6	43689851	1
6	43695436	1
6	43890215	1
6	43893360	1
6	43919744	1
6	43935164	1
6	43950578	1
6	44030918	1
6	44075992	1
6	44119412	1
6	44166068	1
6	44303698	1
6	44366277	1
6	44393449	1
6	44548388	1
6	44608732	1
6	44775802	1
6	44929713	1
6	44972343	1
6	45015624	1
6	45136332	1
6	45150998	1
6	45245848	1
6	45267438	1
6	45591711	1
6	45785821	1
6	45860741	1
6	46017522	1
6	46018319	1
6	46020451	1
6	46026544	1
6	46026590	1
6	46033613	1
6	46145916	1
6	46267449	1
6	46349187	1
6	46390332	1
6	46408984	1
6	46612395	1
6	46662403	1
6	46662869	1
6	46662915	1
6	46673307	1
6	47053482	1
6	47053493	1
6	47233333	1
6	47604700	1
6	47767357	1
6	47838439	1
6	48053032	1
6	48069921	1
6	48122388	1
6	48300004	1
6	48415890	1
6	48416539	1
6	48587642	1
6	48609840	1
6	48718893	1
6	48874849	1
6	48879137	1
6	49057075	1
6	49130098	1
6	49131296	1
6	49260100	1
6	49271297	1
6	49670753	1
6	49672071	1
6	49672088	1
6	49701965	1
6	49795337	1
6	49910701	1
6	49985711	1
6	50088937	1
6	50088968	1
6	50090206	1
6	50090335	1
6	50108696	1
6	50108753	1
6	50109162	1
6	50109778	1
6	50125329	1
6	50125534	1
6	50219978	1
6	50239818	1
6	50281023	1
6	50297049	1
6	50344242	1
6	50344321	1
6	50344399	1
6	50345098	1
6	50345164	1
6	50345218	1
6	50356113	1
6	50414444	1
6	50443601	1
6	50458915	1
6	50470736	1
6	50571659	1
6	50578317	1
6	50620658	1
6	50627521	1
6	50658278	1
6	50693975	1
6	50723658	1
6	50740972	1
6	50851628	1
6	50958083	1
6	51083766	1
6	51166697	1
6	51183281	1
6	51183356	1
6	51183805	1
6	51365568	1
6	51385833	1
6	51484815	1
6	51617848	1
6	51913883	1
6	51925052	1
6	51925145	1
6	51925225	1
6	51928926	1
6	51929666	1
6	51930201	1
6	52004706	1
6	52023911	1
6	52063192	1
6	52239485	1
6	52260737	1
6	52260831	1
6	52260843	1
6	52261220	1
6	52262018	1
6	52264110	1
6	52264212	1
6	52264249	1
6	52264315	1
6	52386782	1
6	52386836	1
6	52512012	1
6	52599348	1
6	52859976	1
6	52946197	1
6	52947389	1
6	52947838	1
6	52947899	1
6	52947906	1
6	52947949	1
6	52948131	1
6	52951567	1
6	52951684	1
6	52951756	1
6	52986578	1
6	52986639	1
6	53046451	1
6	53052673	1
6	53052957	1
6	53053054	1
6	53053305	1
6	53053341	1
6	53053425	1
6	53307968	1
6	53442730	1
6	53544673	1
6	53544698	1
6	53544733	1
6	53544943	1
6	53545220	1
6	53545258	1
6	53545539	1
6	53677174	1
6	53677960	1
6	53678569	1
6	53711454	1
6	53711466	1
6	53749071	1
6	53749114	1
6	53749287	1
6	53805395	1
6	53809300	1
6	53846583	1
6	53846625	1
6	53847084	1
6	53855168	1
6	54001660	1
6	54218082	1
6	54252491	1
6	54294207	1
6	54307625	1
6	54363334	1
6	54451649	1
6	54579441	1
6	54670400	1
6	54710555	1
6	54710598	1
6	54710948	1
6	54711868	1
6	54713088	1
6	54713350	1
6	54713360	1
6	54758304	1
6	54800760	1
6	54992649	1
6	55084117	1
6	55096901	1
6	55186134	1
6	55186390	1
6	55276278	1
6	55279401	1
6	55470036	1
6	55521678	1
6	55744569	1
6	55783877	1
6	55838192	1
6	55838196	1
6	55889134	1
6	55922839	1
6	55937583	1
6	56123395	1
6	56135600	1
6	56282323	1
6	56501000	1
6	56645417	1
6	56735014	1
6	56818257	1
6	56940118	1
6	56940166	1
6	56940229	1
6	56940277	1
6	56940505	1
6	56940529	1
6	56940758	1
6	57059311	1
6	57216661	1
6	57300223	1
6	57354175	1
6	57581258	1
6	57620314	1
6	57651092	1
6	57820264	1
6	57850119	1
6	57870264	1
6	57870758	1
6	57870796	1
6	57874021	1
6	57907296	1
6	57934813	1
6	57953056	1
6	58064604	1
6	58219045	1
6	58219072	1
6	58219291	1
6	58219483	1
6	58219576	1
6	58259275	1
6	58259535	1
6	58259841	1
6	58259952	1
6	58293159	1
6	58351595	1
6	58541585	1
6	58663518	1
6	58667828	1
6	58827852	1
6	58844975	1
6	59132473	1
6	59133831	1
6	59231194	1
6	59263222	1
6	59263259	1
6	59361975	1
7	205949	1
7	288431	1
7	446125	1
7	539619	1
7	563754	1
7	563935	1
7	564380	1
7	564435	1
7	564540	1
7	564582	1
7	565922	1
7	565983	1
7	567059	1
7	567115	1
7	568317	1
7	572511	1
7	572574	1
7	573554	1
7	583570	1
7	587048	1
7	587066	1
7	588080	1
7	588083	1
7	588137	1
7	588227	1
7	637024	1
7	638125	1
7	769203	1
7	795288	1
7	797478	1
7	797510	1
7	1002067	1
7	1002101	1
7	1002244	1
7	1002482	1
7	1002684	1
7	1002704	1
7	1005773	1
7	1005838	1
7	1005913	1
7	1081996	1
7	1279591	1
7	1279680	1
7	1282261	1
7	1318870	1
7	1352928	1
7	1947499	1
7	2300074	1
7	2498400	1
7	2531707	1
7	2584839	1
7	2592838	1
7	2593153	1
7	2596686	1
7	2609116	1
7	2609204	1
7	2610382	1
7	2639244	1
7	2671927	1
7	2932652	1
7	2932790	1
7	2932808	1
7	2972894	1
7	2972897	1
7	3246279	1
7	3314985	1
7	3446077	1
7	3476491	1
7	3505434	1
7	3505922	1
7	3505931	1
7	3507474	1
7	3508026	1
7	3508158	1
7	3509670	1
7	3509762	1
7	3579340	1
7	3633771	1
7	3891696	1
7	3891813	1
7	3892550	1
7	3892568	1
7	3892715	1
7	3892784	1
7	3892940	1
7	3894102	1
7	3894388	1
7	3896060	1
7	3896195	1
7	3896216	1
7	3896435	1
7	3897283	1
7	3949542	1
7	4100017	1
7	4193255	1
7	4231614	1
7	4403363	1
7	4468871	1
7	4530220	1
7	4601862	1
7	4602216	1
7	4707010	1
7	4834362	1
7	4870655	1
7	4874743	1
7	4874797	1
7	4874866	1
7	4874927	1
7	4880359	1
7	5260432	1
7	5791166	1
7	6367929	1
7	6420869	1
7	6466545	1
7	6519894	1
7	6666579	1
7	6706118	1
7	7049964	1
7	7054045	1
7	7105363	1
7	7105382	1
7	7139104	1
7	7426592	1
7	7480900	1
7	7480919	1
7	7681296	1
7	7938249	1
7	8232022	1
7	8384204	1
7	8518170	1
7	8717409	1
7	9125414	1
7	9438503	1
7	9774022	1
7	9998099	1
7	10157494	1
7	10161381	1
7	10161576	1
7	10163412	1
7	10163535	1
7	10650029	1
7	10650161	1
7	10650914	1
7	10651343	1
7	10651355	1
7	10651704	1
7	10651711	1
7	10704400	1
7	10836282	1
7	10836316	1
7	10836465	1
7	10836607	1
7	10836630	1
7	10837195	1
7	10837264	1
7	10837623	1
7	10838437	1
7	10838506	1
7	10838770	1
7	11416880	1
7	11640657	1
7	11797542	1
7	11797768	1
7	12122133	1
7	12122333	1
7	12122489	1
7	12696253	1
7	12881239	1
7	13011914	1
7	13637552	1
7	13637711	1
7	13638810	1
7	14924207	1
7	15669100	1
7	17633969	1
7	18005870	1
7	18087064	1
7	18507137	1
7	18508065	1
7	18508234	1
7	18715095	1
7	18929641	1
7	18929739	1
7	19338304	1
7	19610654	1
7	19993451	1
7	20460129	1
7	21317120	1
7	21365346	1
7	21365349	1
7	21365454	1
7	21367162	1
7	22890130	1
7	23716492	1
7	23716646	1
7	23716886	1
7	23716935	1
7	23718663	1
7	23718727	1
7	23718949	1
7	23719031	1
7	23719258	1
7	23719402	1
7	24227179	1
7	24670978	1
7	24708907	1
7	24713400	1
7	24713568	1
7	25726520	1
7	25775384	1
7	26036634	1
7	26038045	1
7	26038100	1
7	26752660	1
7	26752905	1
7	27223779	1
7	29307443	1
7	31601741	1
7	31602507	1
7	32481378	1
7	32483170	1
7	32978026	1
7	32978081	1
7	32978402	1
7	32978471	1
7	33344388	1
7	33935337	1
7	33940193	1
7	34592733	1
7	34754163	1
7	35456235	1
7	35757925	1
7	36278195	1
7	36278447	1
7	36287849	1
7	36287950	1
7	36400742	1
7	36400942	1
7	36406834	1
7	36529795	1
7	36553264	1
7	36802629	1
7	36803058	1
7	36903616	1
7	36903617	1
7	37075852	1
7	37223877	1
7	37474330	1
7	37671492	1
7	38047700	1
7	38283065	1
7	38673809	1
7	39036976	1
7	39086805	1
7	39215771	1
7	39462012	1
7	39462138	1
7	39472188	1
7	39472209	1
7	39571723	1
7	39598602	1
7	40053025	1
7	40251222	1
7	40252349	1
7	40298750	1
7	40611308	1
7	40611362	1
7	40611425	1
7	40611714	1
7	40612321	1
7	40612819	1
7	40612900	1
7	40613506	1
7	40643288	1
7	40689929	1
7	40858606	1
7	40990720	1
7	41078607	1
7	41143428	1
7	41265653	1
7	41354488	1
7	41354501	1
7	41354519	1
7	41355244	1
7	41356967	1
7	41356984	1
7	41533818	1
7	41675534	1
7	41720015	1
7	41720062	1
7	41720719	1
7	41720818	1
7	41721046	1
7	41721076	1
7	41721163	1
7	41721335	1
7	41846151	1
7	41954061	1
7	41954391	1
7	41954467	1
7	41954541	1
7	41954580	1
7	41954905	1
7	41955231	1
7	41955234	1
7	41955324	1
7	42119766	1
7	42119915	1
7	42119964	1
7	42120645	1
7	42555347	1
7	42579972	1
7	42602137	1
7	42634608	1
7	42657068	1
7	42659856	1
7	42736307	1
7	42741510	1
7	42784586	1
7	42786040	1
7	42818336	1
7	43091608	1
7	43121933	1
7	43125095	1
7	43125842	1
7	43125907	1
7	43125928	1
7	43191966	1
7	43192142	1
7	43192398	1
7	43192596	1
7	43253894	1
7	43341461	1
7	43427122	1
7	43579421	1
7	43652914	1
7	43653716	1
7	43653755	1
7	44288221	1
7	44288708	1
7	44316647	1
7	44319853	1
7	44319895	1
7	44380117	1
7	44416107	1
7	44499261	1
7	44516464	1
7	44649433	1
7	44649580	1
7	44687759	1
7	44692093	1
7	44876137	1
7	44876283	1
7	45035807	1
7	45145932	1
7	45146117	1
7	45146134	1
7	45146174	1
7	45146538	1
7	45146666	1
7	45146906	1
7	45146936	1
7	45147009	1
7	45185262	1
7	45239915	1
7	45242018	1
7	45498052	1
7	45539006	1
7	45776828	1
7	45789071	1
7	45813809	1
7	45814156	1
7	45842746	1
7	46611189	1
7	46763232	1
7	46813301	1
7	46813857	1
7	46813868	1
7	46814225	1
7	46814574	1
7	46816703	1
7	46817527	1
7	46865216	1
7	46865716	1
7	46897234	1
7	46903202	1
7	46948308	1
7	47102897	1
7	47103026	1
7	47159232	1
7	47159265	1
7	47159669	1
7	47160012	1
7	47160480	1
7	47307287	1
7	47307302	1
7	47311025	1
7	47348171	1
7	47443993	1
7	47483009	1
7	47551623	1
7	47642053	1
7	47655133	1
7	47655459	1
7	47655500	1
7	47655507	1
7	47655692	1
7	47656963	1
7	47656980	1
7	47657104	1
7	47674858	1
7	47693809	1
7	47875892	1
7	48224240	1
7	48585482	1
7	48586470	1
7	48637648	1
7	48736946	1
7	48778791	1
7	48955227	1
7	48956963	1
7	48965517	1
7	49002470	1
7	49175223	1
7	49215260	1
7	49215404	1
7	49221746	1
7	49222117	1
7	49331831	1
7	49351625	1
7	49362126	1
7	49378419	1
7	49455985	1
7	49532235	1
7	49553646	1
7	49554929	1
7	49665986	1
7	49668095	1
7	49745280	1
7	49745863	1
7	49746193	1
7	49746777	1
7	49746796	1
7	49747233	1
7	49747253	1
7	49747344	1
7	49747486	1
7	49747632	1
7	49747693	1
7	49747850	1
7	49747896	1
7	49748343	1
7	49759026	1
7	49839630	1
7	50150805	1
7	50150911	1
7	50151362	1
7	50151438	1
7	50151500	1
7	50151511	1
7	50151931	1
7	50151960	1
7	50151997	1
7	50152831	1
7	50152841	1
7	50155390	1
7	50155639	1
7	50287421	1
7	50290359	1
7	50416079	1
7	50754110	1
7	50921700	1
7	50960978	1
7	51079622	1
7	51080646	1
7	51080778	1
7	51091153	1
7	51229923	1
7	51451635	1
7	51452856	1
7	51452865	1
7	51453513	1
7	51453747	1
7	51469583	1
7	51496616	1
7	51518205	1
7	51518499	1
7	51518820	1
7	51519014	1
7	51526747	1
7	51551349	1
7	51566031	1
7	51599774	1
7	51604824	1
7	51604961	1
7	51604972	1
7	51605807	1
7	51606103	1
7	51606802	1
7	51957877	1
7	51996450	1
7	52191007	1
7	52191131	1
7	52191182	1
7	52191287	1
7	52191317	1
7	52191517	1
7	52191559	1
7	52191846	1
7	52269129	1
7	52339544	1
7	52454604	1
7	52466159	1
7	52544646	1
7	52544739	1
7	52546482	1
7	52693868	1
7	52759623	1
7	52789478	1
7	52792672	1
7	52792715	1
7	52792784	1
7	52792811	1
7	52793523	1
7	52794272	1
7	52795452	1
7	52958673	1
7	52995514	1
7	53077509	1
7	53104292	1
7	53104327	1
7	53105770	1
7	53105785	1
7	53105872	1
7	53105994	1
7	53106007	1
7	53106009	1
7	53106014	1
7	53178949	1
7	53296175	1
7	53367235	1
7	53623295	1
7	53654818	1
7	53655649	1
7	53656225	1
7	53782889	1
7	53782904	1
7	53783075	1
7	53786006	1
7	53888482	1
7	54045144	1
7	54121077	1
7	54274624	1
7	54329782	1
7	54329836	1
7	54505312	1
7	54514078	1
7	54839197	1
7	54844676	1
7	54856073	1
7	54856283	1
7	54860473	1
7	54961836	1
7	54997992	1
7	55087813	1
7	55130142	1
7	55172341	1
7	55207604	1
7	55207622	1
7	55207646	1
7	55208509	1
7	55213127	1
7	55213233	1
7	55219804	1
7	55220053	1
7	55220062	1
7	55220152	1
7	55283766	1
7	55284126	1
7	55284153	1
7	55284214	1
7	55284235	1
7	55306775	1
7	55465761	1
7	55657721	1
7	55678678	1
7	55887265	1
7	55887328	1
7	55889095	1
7	55889177	1
7	55889262	1
7	55889622	1
7	55890846	1
7	55968941	1
7	56033564	1
7	56033621	1
7	56037330	1
7	56269485	1
7	56628128	1
7	56628801	1
7	56629628	1
8	141850	1
8	220082	1
8	285383	1
8	399666	1
8	400382	1
8	494929	1
8	495071	1
8	495242	1
8	495260	1
8	513465	1
8	558651	1
8	625053	1
8	701676	1
8	742943	1
8	962849	1
8	1031440	1
8	1031548	1
8	1041970	1
8	1067135	1
8	1141585	1
8	1179922	1
8	1218944	1
8	1220894	1
8	1237709	1
8	1367551	1
8	1367651	1
8	1396675	1
8	1767949	1
8	1839772	1
8	1868572	1
8	1868594	1
8	1952169	1
8	2045972	1
8	2161736	1
8	2163605	1
8	2202542	1
8	2365709	1
8	2473819	1
8	2593796	1
8	2903601	1
8	2907179	1
8	3132680	1
8	3167621	1
8	3211341	1
8	3211419	1
8	3214920	1
8	3214989	1
8	3215934	1
8	3215967	1
8	3215979	1
8	3216285	1
8	3502674	1
8	3650168	1
8	3728282	1
8	3735546	1
8	3736567	1
8	3736588	1
8	3736605	1
8	3762133	1
8	3776559	1
8	3827691	1
8	3914208	1
8	3962323	1
8	3993593	1
8	3993755	1
8	4026312	1
8	4026338	1
8	4174544	1
8	4204706	1
8	4235737	1
8	4336546	1
8	4354484	1
8	4441556	1
8	4456432	1
8	4742020	1
8	4843008	1
8	4911088	1
8	4911152	1
8	4912192	1
8	4918755	1
8	5014981	1
8	5026999	1
8	5062018	1
8	5069311	1
8	5311941	1
8	5312058	1
8	5449092	1
8	5449109	1
8	5528114	1
8	5810262	1
8	5818629	1
8	5818668	1
8	5832912	1
8	6371823	1
8	6541246	1
8	6659364	1
8	7267927	1
8	7440493	1
8	7443846	1
8	7445492	1
8	7795210	1
8	7836331	1
8	7838596	1
8	7838662	1
8	7843374	1
8	8193944	1
8	8354399	1
8	8454415	1
8	8465219	1
8	9087306	1
8	9092009	1
8	9226857	1
8	9320279	1
8	9479127	1
8	9550997	1
8	9554691	1
8	9554790	1
8	9554970	1
8	9558581	1
8	9559536	1
8	9609799	1
8	9975029	1
8	9975056	1
8	10214111	1
8	10277914	1
8	10832890	1
8	10832976	1
8	10833062	1
8	11695077	1
8	12698558	1
8	12699036	1
8	13212735	1
8	13213033	1
8	13213183	1
8	13627692	1
8	13627703	1
8	14440357	1
8	15139435	1
8	15880148	1
8	15911262	1
8	15912416	1
8	15953548	1
8	15999721	1
8	16250630	1
8	16652660	1
8	17061842	1
8	17233898	1
8	17953657	1
8	18102670	1
8	18393399	1
8	18395020	1
8	19348560	1
8	19827795	1
8	19827882	1
8	19950036	1
8	19950249	1
8	20246896	1
8	20465382	1
8	20584401	1
8	20914799	1
8	21132878	1
8	21133008	1
8	21434617	1
8	21591331	1
8	21906383	1
8	21989034	1
8	22239641	1
8	23895193	1
8	23895246	1
8	23895925	1
8	23931459	1
8	25466185	1
8	26158842	1
8	26158884	1
8	26158979	1
8	26162678	1
8	26163279	1
8	28479954	1
8	28480153	1
8	28480198	1
8	28480293	1
8	28480587	1
8	29755831	1
8	29756364	1
8	29756431	1
8	29757226	1
8	29757433	1
8	29758156	1
8	29758299	1
8	29758723	1
8	29758730	1
8	29812858	1
8	29813852	1
8	29813975	1
8	29876786	1
8	30148056	1
8	30148208	1
8	30148252	1
8	30149471	1
8	30353753	1
8	30353879	1
8	30362485	1
8	30365828	1
8	30367119	1
8	30367162	1
8	32229217	1
8	32239155	1
8	32311544	1
8	32312504	1
8	32472512	1
8	32544771	1
8	32685897	1
8	32956500	1
8	33597174	1
8	34077547	1
8	34342007	1
8	34576702	1
8	34751650	1
8	34865887	1
8	34986682	1
8	35379060	1
8	35553321	1
8	35649760	1
8	35650971	1
8	35651364	1
8	35651378	1
8	35651619	1
8	35731349	1
8	35921407	1
8	35922019	1
8	36020869	1
8	36109390	1
8	36109444	1
8	36470062	1
8	36921507	1
8	37259543	1
8	37379264	1
8	37467447	1
8	37468754	1
8	37468773	1
8	37469946	1
8	37492252	1
8	37493487	1
8	37494529	1
8	37495873	1
8	37504471	1
8	37506817	1
8	37507745	1
8	37507769	1
8	37508285	1
8	37554546	1
8	37671513	1
8	37835878	1
8	38093118	1
8	38210633	1
8	38286683	1
8	38462128	1
8	38462465	1
8	38687037	1
8	38687057	1
8	38782386	1
8	38843024	1
8	38876238	1
8	38877340	1
8	38946178	1
8	39115651	1
8	39257128	1
8	39257196	1
8	39257244	1
8	39263197	1
8	39266259	1
8	39270698	1
8	39563855	1
8	39591317	1
8	39591467	1
8	39591478	1
8	39591575	1
8	39670914	1
8	39693615	1
8	39698106	1
8	39883762	1
8	39908319	1
8	39908656	1
8	39908658	1
8	39913524	1
8	39918144	1
8	39918207	1
8	39918766	1
8	39918774	1
8	39959936	1
8	39967953	1
8	39999158	1
8	39999345	1
8	40062658	1
8	40097312	1
8	40139102	1
8	40143565	1
8	40413312	1
8	40709666	1
8	40744879	1
8	40744882	1
8	40745940	1
8	40791117	1
8	40837569	1
8	40944732	1
8	41087520	1
8	41087752	1
8	41088132	1
8	41635071	1
8	42305503	1
8	42427082	1
8	42460813	1
8	42714574	1
8	42851722	1
8	43102081	1
8	43102244	1
8	43106686	1
8	43308600	1
8	43333712	1
8	43335386	1
8	43346350	1
8	43369128	1
8	43375794	1
8	43760647	1
8	43763298	1
8	43848943	1
8	43910866	1
8	44234462	1
8	44313623	1
8	44805688	1
8	44889182	1
8	45029330	1
8	45161929	1
8	45220562	1
8	45224020	1
8	45237758	1
8	45364462	1
8	45452423	1
8	45631066	1
8	45631215	1
8	45631230	1
8	45631702	1
8	45632265	1
8	45632350	1
8	45632368	1
8	45873679	1
8	45990790	1
8	45991126	1
8	46018639	1
8	46018693	1
8	46358239	1
8	46359102	1
8	46390120	1
8	46805752	1
8	46877535	1
8	47095975	1
8	47096072	1
8	47166153	1
8	47174104	1
8	47319799	1
8	47472669	1
8	47498974	1
8	47499196	1
8	47519565	1
8	48017099	1
8	48048626	1
8	48085342	1
8	48085423	1
8	48134892	1
8	48181310	1
8	48214471	1
8	48236149	1
8	48308474	1
8	48333994	1
8	48364191	1
8	48552788	1
8	48669101	1
8	48669299	1
8	48669473	1
8	48669487	1
8	48669653	1
8	48669662	1
8	48764468	1
8	48801168	1
8	48801252	1
8	48805250	1
8	48805364	1
8	48895181	1
8	49061844	1
8	49071663	1
8	49187685	1
8	49396213	1
8	49493916	1
8	49493924	1
8	49518286	1
8	49620478	1
8	49759444	1
8	49759508	1
8	49785775	1
8	49813361	1
8	49813597	1
8	49813829	1
8	49814298	1
8	50028578	1
8	50044074	1
8	50116413	1
8	50149708	1
8	50310526	1
8	50368189	1
8	50368198	1
8	50368441	1
8	50386164	1
8	50543373	1
8	50934432	1
8	51029951	1
8	51098713	1
8	51098940	1
8	51167954	1
8	51192235	1
8	51253557	1
8	51263284	1
8	51263381	1
8	51263417	1
8	51358466	1
8	51456371	1
8	51488861	1
8	52189330	1
8	52270205	1
8	52291866	1
8	52333907	1
8	52375728	1
8	52453775	1
8	52490785	1
8	52490848	1
8	52490868	1
8	52491248	1
8	52492440	1
8	52492677	1
8	52492783	1
8	52576345	1
8	52712897	1
8	52714431	1
8	52714500	1
8	52733012	1
8	52848543	1
8	53138349	1
8	53149922	1
8	53149949	1
8	53217188	1
8	53250100	1
8	53326021	1
8	53349021	1
8	53386131	1
8	53456449	1
8	53457013	1
8	53457076	1
8	53457133	1
8	53457649	1
8	53459520	1
8	53491874	1
8	53494603	1
8	53823394	1
8	53877072	1
8	53929159	1
8	54022113	1
8	54101183	1
8	54193141	1
8	54286342	1
8	54286889	1
8	54290056	1
8	54295146	1
8	54295404	1
8	54295425	1
8	54357787	1
8	54454507	1
8	54650984	1
8	54677813	1
8	54751200	1
8	54831485	1
8	54835304	1
8	54836870	1
8	54837744	1
8	54838005	1
8	54838024	1
8	54914652	1
8	55016165	1
8	55114519	1
8	55114819	1
8	55114825	1
8	55117493	1
8	55137894	1
8	55137903	1
8	55161190	1
8	55187986	1
8	55254403	1
8	55513976	1
8	56057975	1
8	56196743	1
8	56333030	1
8	56382148	1
8	56575689	1
8	56753066	1
8	56753163	1
8	56753185	1
8	56780411	1
8	56780437	1
8	56780532	1
8	56781388	1
8	56782299	1
8	56782539	1
8	56783868	1
8	56785347	1
8	56789291	1
9	19770	1
9	27567	1
9	53924	1
9	128612	1
9	137894	1
9	161472	1
9	161493	1
9	162045	1
9	197357	1
9	198490	1
9	198497	1
9	198982	1
9	213976	1
9	348046	1
9	348287	1
9	348392	1
9	375565	1
9	506457	1
9	544137	1
9	544356	1
9	614519	1
9	621941	1
9	650478	1
9	739635	1
9	739884	1
9	739893	1
9	741456	1
9	741534	1
9	741687	1
9	778420	1
9	816857	1
9	1002798	1
9	1019975	1
9	1020724	1
9	1033686	1
9	1045199	1
9	1069265	1
9	1199754	1
9	1199847	1
9	1201082	1
9	1201163	1
9	1201218	1
9	1201321	1
9	1376364	1
9	1376399	1
9	1376493	1
9	1376511	1
9	1376541	1
9	1376784	1
9	1377161	1
9	1377914	1
9	1556721	1
9	1556742	1
9	1593214	1
9	1958822	1
9	2024826	1
9	2078743	1
9	2078799	1
9	2080285	1
9	2081425	1
9	2081488	1
9	2081752	1
9	2081790	1
9	2082555	1
9	2082817	1
9	2083602	1
9	2083608	1
9	2346064	1
9	2531544	1
9	2792921	1
9	3185825	1
9	3324451	1
9	3371136	1
9	3619115	1
9	3710627	1
9	3746470	1
9	3845879	1
9	3869878	1
9	3872079	1
9	3996413	1
9	4089445	1
9	4089607	1
9	4091032	1
9	4119060	1
9	4160749	1
9	4321053	1
9	4336697	1
9	4358664	1
9	4373995	1
9	4386691	1
9	4627549	1
9	4793025	1
9	4793164	1
9	4793207	1
9	4793350	1
9	4793361	1
9	4793518	1
9	4793719	1
9	4793758	1
9	4795129	1
9	4801436	1
9	4801569	1
9	4801715	1
9	4869974	1
9	4882347	1
9	4889182	1
9	4893114	1
9	5032856	1
9	5130873	1
9	5326794	1
9	5468629	1
9	5494877	1
9	5698900	1
9	5790641	1
9	5790649	1
9	5790732	1
9	6062798	1
9	6087560	1
9	6247447	1
9	6277743	1
9	6333199	1
9	6389488	1
9	6414137	1
9	6538771	1
9	6577412	1
9	6579975	1
9	6580364	1
9	6599502	1
9	6676330	1
9	6722333	1
9	6722540	1
9	6726820	1
9	6755187	1
9	6770427	1
9	6773424	1
9	6982644	1
9	6982649	1
9	6982808	1
9	6983029	1
9	6983042	1
9	6983058	1
9	6985383	1
9	7147029	1
9	7229870	1
9	7231325	1
9	7250032	1
9	7427636	1
9	7778783	1
9	7882786	1
9	7900964	1
9	8043110	1
9	8043250	1
9	8043289	1
9	8043361	1
9	8043736	1
9	8051081	1
9	8051126	1
9	8053751	1
9	8053757	1
9	8053879	1
9	8311988	1
9	8359750	1
9	8401589	1
9	8474261	1
9	8474270	1
9	8660455	1
9	8670291	1
9	8794822	1
9	8882591	1
9	8918435	1
9	9471801	1
9	9471806	1
9	9726696	1
9	9726822	1
9	9727038	1
9	9984749	1
9	10235747	1
9	10351747	1
9	10352617	1
9	10352719	1
9	10353176	1
9	10414891	1
9	10415002	1
9	10451737	1
9	10511206	1
9	11226418	1
9	11226827	1
9	11311563	1
9	11460409	1
9	11720990	1
9	11805410	1
9	11806183	1
9	11806552	1
9	12280244	1
9	12790782	1
9	12790816	1
9	12795763	1
9	12951888	1
9	12952003	1
9	12952173	1
9	13304005	1
9	13304468	1
9	13621663	1
9	14852854	1
9	14853028	1
9	14853083	1
9	15572748	1
9	15761159	1
9	16527499	1
9	17394134	1
9	17853890	1
9	18826247	1
9	19231866	1
9	19232127	1
9	19232247	1
9	19232397	1
9	19487287	1
9	20711787	1
9	20845412	1
9	21044695	1
9	21192684	1
9	21192924	1
9	21264610	1
9	21264794	1
9	21264861	1
9	21407743	1
9	21610960	1
9	22080291	1
9	22080836	1
9	22985533	1
9	23230273	1
9	23230341	1
9	24775960	1
9	26294853	1
9	26817485	1
9	28616793	1
9	28754299	1
9	29066279	1
9	29070318	1
9	29070531	1
9	30812479	1
9	31049156	1
9	31520249	1
9	31520465	1
9	31520501	1
9	31520789	1
9	31521212	1
9	31521320	1
9	31521430	1
9	31630431	1
9	31698042	1
9	31784448	1
9	31988498	1
9	32236211	1
9	32567149	1
9	32588719	1
9	32671957	1
9	32818172	1
9	33680215	1
9	33681088	1
9	33681267	1
9	33681501	1
9	33741791	1
9	34912758	1
9	34913067	1
9	35649402	1
9	35822502	1
9	36041036	1
9	36524095	1
9	36646002	1
9	36646088	1
9	37071891	1
9	37335897	1
9	38266787	1
9	38648276	1
9	39333997	1
9	39760282	1
9	40414635	1
9	40416291	1
9	40416304	1
9	43193960	1
9	43780085	1
9	43864160	1
9	43993316	1
9	43997824	1
9	44044002	1
9	44403906	1
9	44405128	1
9	44621057	1
9	44899486	1
9	44957023	1
9	45196976	1
9	45197297	1
9	45198857	1
9	45199246	1
9	45348579	1
9	45562819	1
9	45572164	1
9	45642240	1
9	45788396	1
9	45924103	1
9	45951002	1
9	45953920	1
9	46077355	1
9	46078957	1
9	46079913	1
9	46084463	1
9	46084745	1
9	46131123	1
9	46131193	1
9	46131220	1
9	46131771	1
9	46132441	1
9	46132485	1
9	46132808	1
9	46134840	1
9	46134887	1
9	46135003	1
9	46135027	1
9	46135330	1
9	46138122	1
9	46138203	1
9	46138882	1
9	46138944	1
9	46139772	1
9	46139853	1
9	46148139	1
9	46148187	1
9	46180085	1
9	46288720	1
9	46683467	1
9	46685044	1
9	46685133	1
9	46685159	1
9	46685162	1
9	46685894	1
9	46686242	1
9	46687275	1
9	46687355	1
9	46744528	1
9	46837871	1
9	46942759	1
9	47187905	1
9	47200447	1
9	47212526	1
9	47237043	1
9	47458102	1
9	47458361	1
9	47559641	1
9	47662364	1
9	47753124	1
9	47753126	1
9	47754984	1
9	47918632	1
9	47954945	1
9	48069790	1
9	48173462	1
9	48494994	1
9	48611285	1
9	48721662	1
9	48735918	1
9	49004431	1
9	49140012	1
9	49453657	1
9	49537802	1
9	49754441	1
9	49977704	1
9	50009166	1
9	50078813	1
9	50174507	1
9	50366655	1
9	50367159	1
9	50367228	1
9	50367631	1
9	50367678	1
9	50367972	1
9	50417553	1
9	50435563	1
9	50464344	1
9	50806390	1
9	50806427	1
9	51055490	1
9	51197949	1
9	51197969	1
9	51386555	1
9	51565516	1
9	51565563	1
9	51578211	1
9	51611870	1
9	51643098	1
9	51667588	1
9	51888213	1
9	51888503	1
9	51989783	1
9	52027191	1
9	52135021	1
9	52147350	1
9	52148880	1
9	52307123	1
9	52417397	1
9	52446006	1
9	52446019	1
9	52452548	1
9	52503159	1
9	52519931	1
9	52657843	1
9	52664873	1
9	52799014	1
9	52838593	1
9	52996314	1
9	53090017	1
9	53091476	1
9	53109849	1
9	53185953	1
9	53196614	1
9	53315931	1
9	53402816	1
9	53687100	1
9	53723836	1
9	53858653	1
9	53911437	1
9	53969586	1
9	54060817	1
9	54117387	1
9	54117688	1
9	54194311	1
9	54320106	1
9	54354713	1
9	54392089	1
9	54470269	1
9	54470284	1
9	54484024	1
9	54546742	1
9	54548387	1
9	54571620	1
9	54572498	1
9	54572501	1
9	54674810	1
9	54929223	1
9	54956475	1
9	54962067	1
9	54965286	1
9	54976074	1
9	54976154	1
9	55038965	1
9	55039035	1
9	55039052	1
9	55051108	1
9	55051698	1
9	55052889	1
9	55087556	1
9	55142095	1
9	55182321	1
9	55183527	1
9	55283204	1
9	55393249	1
9	55794340	1
9	55948860	1
9	56184931	1
9	56362202	1
9	56448487	1
9	56466455	1
9	56511696	1
9	56563935	1
9	56659770	1
9	56713821	1
9	56876796	1
9	56940939	1
9	56940969	1
9	57006811	1
9	57070316	1
9	57072665	1
9	57134490	1
9	57250266	1
9	57252013	1
9	57346489	1
9	57421047	1
9	57422065	1
9	57423038	1
9	57423104	1
9	57423119	1
9	57761195	1
9	57778395	1
9	57779733	1
9	57779841	1
9	58240294	1
9	58272671	1
9	58358077	1
9	58358201	1
9	58358462	1
9	58358542	1
9	58358578	1
9	58375217	1
9	58449028	1
9	58533003	1
9	58582477	1
9	58670590	1
9	58671679	1
9	58689196	1
9	58899785	1
9	58924195	1
9	58956854	1
9	58997370	1
9	59139277	1
9	59225663	1
9	59290077	1
9	59300365	1
9	59475851	1
9	59483310	1
9	59483358	1
9	59483431	1
9	59483434	1
9	59560440	1
9	59560501	1
9	59598694	1
9	60182931	1
9	60250891	1
9	60250917	1
9	60279259	1
9	60416070	1
9	60562325	1
9	60829989	1
9	60854292	1
9	60906850	1
9	60911497	1
9	60913544	1
9	61051598	1
9	61075452	1
9	61135155	1
9	61157938	1
9	61158029	1
9	61209710	1
9	61252537	1
9	61320303	1
9	61352957	1
9	61393108	1
9	61465842	1
9	61466136	1
9	61466237	1
9	61466245	1
9	61470614	1
10	139451	1
10	339062	1
10	339749	1
10	565197	1
10	593933	1
10	706568	1
10	1056701	1
10	1121595	1
10	1204144	1
10	1561206	1
10	1638809	1
10	1674751	1
10	1691574	1
10	1697864	1
10	1759258	1
10	1779020	1
10	1861465	1
10	1885602	1
10	1885634	1
10	1960699	1
10	2091733	1
10	2093720	1
10	2218157	1
10	2345887	1
10	2351359	1
10	2351455	1
10	2352583	1
10	2352589	1
10	2352858	1
10	2353088	1
10	2353098	1
10	2353511	1
10	2354869	1
10	2356573	1
10	2356599	1
10	2356600	1
10	2356744	1
10	2356795	1
10	2357803	1
10	2375168	1
10	2375198	1
10	2375287	1
10	2382807	1
10	2468562	1
10	2487178	1
10	2487346	1
10	2532943	1
10	2660050	1
10	2666937	1
10	2741776	1
10	3209868	1
10	3287163	1
10	3340707	1
10	3569297	1
10	3608967	1
10	3610040	1
10	3785871	1
10	3789697	1
10	3791291	1
10	3809422	1
10	3821839	1
10	3823854	1
10	3830247	1
10	3908588	1
10	3970339	1
10	3988349	1
10	3991078	1
10	4043034	1
10	4072956	1
10	4121506	1
10	4159004	1
10	4449324	1
10	4503619	1
10	4504222	1
10	4606889	1
10	4622412	1
10	4622583	1
10	4622646	1
10	4622719	1
10	4622745	1
10	4662747	1
10	4663315	1
10	4663515	1
10	4816432	1
10	4869289	1
10	5026436	1
10	5182178	1
10	5232221	1
10	5630690	1
10	5681818	1
10	5879492	1
10	5989940	1
10	5992157	1
10	5992298	1
10	6151401	1
10	6151498	1
10	6168025	1
10	6301742	1
10	6301813	1
10	6303532	1
10	6303584	1
10	6306500	1
10	6335907	1
10	6336014	1
10	6439438	1
10	6571951	1
10	6740385	1
10	6742688	1
10	6744711	1
10	6744806	1
10	6744812	1
10	11550765	1
10	14170759	1
10	14170779	1
10	14785936	1
10	14786019	1
10	18124336	1
10	18710197	1
10	19895866	1
10	20040041	1
10	20042332	1
10	20042336	1
10	20101484	1
10	20126251	1
10	20334943	1
10	23213420	1
10	23213794	1
10	23430316	1
10	23961414	1
10	27390323	1
10	27650671	1
10	27698760	1
10	28438797	1
10	29642643	1
10	29740160	1
10	29741129	1
10	30093997	1
10	30094746	1
10	30096205	1
10	30097412	1
10	30116697	1
10	32251718	1
10	32527590	1
10	32862744	1
10	33235473	1
10	33993379	1
10	34302921	1
10	36225437	1
10	38385178	1
10	38722150	1
10	38722264	1
10	38723283	1
10	38723959	1
10	39533204	1
10	39542354	1
10	39738068	1
10	39751153	1
10	40653537	1
10	40653719	1
10	42008529	1
10	42450489	1
10	43000239	1
10	43600193	1
10	43659000	1
10	43659145	1
10	43663898	1
10	43666116	1
10	44059940	1
10	44202119	1
10	44723084	1
10	45004395	1
10	45025424	1
10	45169330	1
10	45169357	1
10	45169473	1
10	45274006	1
10	45320802	1
10	45809264	1
10	45821679	1
10	45898747	1
10	45929522	1
10	45944363	1
10	45944624	1
10	45944648	1
10	45944663	1
10	45944708	1
10	45944735	1
10	45944804	1
10	45944879	1
10	45945113	1
10	45945365	1
10	45945611	1
10	45945734	1
10	45945742	1
10	45945875	1
10	46020634	1
10	46117955	1
10	46118085	1
10	46377753	1
10	46406260	1
10	46413142	1
10	46413187	1
10	46413302	1
10	46413319	1
10	46427765	1
10	46704551	1
10	46705264	1
10	47108452	1
10	47108897	1
10	47109411	1
10	47109426	1
10	47116416	1
10	47116772	1
10	47300568	1
10	47398435	1
10	47539878	1
10	47692764	1
10	47876626	1
10	48020996	1
10	48073593	1
10	48073693	1
10	48074905	1
10	48130882	1
10	48149384	1
10	48149399	1
10	48165825	1
10	48203431	1
10	48218826	1
10	48679881	1
10	48737840	1
10	48761642	1
10	48808404	1
10	48808653	1
10	48862950	1
10	48863048	1
10	48863165	1
10	48863220	1
10	48875383	1
10	48982352	1
10	49179309	1
10	49553136	1
10	49584775	1
10	49659510	1
10	49659555	1
10	49723063	1
10	49804809	1
10	50052280	1
10	50187264	1
10	50189383	1
10	50292054	1
10	50458044	1
10	50615253	1
10	50615474	1
10	50649574	1
10	50697563	1
10	50782097	1
10	50806407	1
10	50947502	1
10	51124055	1
10	51357092	1
10	51357104	1
10	51357272	1
10	51360322	1
10	51725970	1
10	51901244	1
10	51904076	1
10	51904140	1
10	51904174	1
10	51909193	1
10	51926657	1
10	51926832	1
10	51927288	1
10	51927510	1
10	51927945	1
10	51928032	1
10	52002272	1
10	52130278	1
10	52167709	1
10	52205182	1
10	52262224	1
10	52419848	1
10	52623416	1
10	52644299	1
10	52656103	1
10	52663730	1
10	52681270	1
10	53132218	1
10	53132223	1
10	53164109	1
10	53166656	1
10	53235977	1
10	53237590	1
10	53482273	1
10	53556545	1
10	53579668	1
10	53579712	1
10	53604159	1
10	53648500	1
10	54289522	1
10	54315048	1
10	54746420	1
10	54746657	1
10	54747060	1
10	54747212	1
10	55066508	1
10	55066939	1
10	55210592	1
10	55287524	1
10	55287582	1
10	55287654	1
10	55288267	1
10	55288428	1
10	55288472	1
10	55288566	1
10	55288580	1
10	55432134	1
10	55609609	1
10	55612755	1
10	55613000	1
10	55613286	1
10	55841755	1
10	55841759	1
10	55841834	1
10	55841848	1
10	55841859	1
10	55842163	1
10	55842215	1
10	55946697	1
10	55946835	1
10	55967994	1
10	55968047	1
10	55968104	1
10	55968638	1
10	56116729	1
10	56194480	1
10	56301672	1
10	56303368	1
10	56307421	1
10	56310011	1
10	56310959	1
10	56311171	1
10	56311650	1
10	56319774	1
10	56321357	1
10	56321366	1
10	56321459	1
10	56448463	1
10	56723338	1
10	56753834	1
10	56952965	1
10	56953207	1
10	56985771	1
10	57265122	1
10	57265227	1
10	57307068	1
10	57468777	1
10	57470207	1
10	57478874	1
10	57479655	1
10	57709979	1
10	57837250	1
10	57943558	1
10	58007367	1
10	58007394	1
10	58038788	1
10	58201039	1
10	58295890	1
10	58303739	1
10	58303769	1
10	58304069	1
10	58304153	1
10	58304255	1
10	58305601	1
10	58636715	1
10	58766569	1
10	58835264	1
10	58885773	1
10	58929210	1
10	58929821	1
10	58981028	1
10	59058248	1
10	59124920	1
10	59124963	1
10	59124966	1
10	59125021	1
10	59125072	1
10	59125158	1
10	59177759	1
10	59236087	1
10	59261401	1
10	59278779	1
10	59403328	1
10	59403404	1
10	59445183	1
10	59457671	1
10	59457825	1
10	59520440	1
10	59563905	1
10	59608971	1
10	59663750	1
11	121583	1
11	175478	1
11	436865	1
11	437208	1
11	437672	1
11	454847	1
11	616220	1
11	761409	1
11	788222	1
11	789955	1
11	939591	1
11	939924	1
11	940359	1
11	1042744	1
11	1163793	1
11	1234382	1
11	1586528	1
11	1586645	1
11	1676812	1
11	1717451	1
11	1743782	1
11	1771819	1
11	1775392	1
11	1818959	1
11	1835553	1
11	1853118	1
11	2259927	1
11	2262006	1
11	2274063	1
11	2362124	1
11	2464067	1
11	2464166	1
11	2568114	1
11	2568122	1
11	2580985	1
11	2724803	1
11	2724825	1
11	2725104	1
11	2725118	1
11	2725245	1
11	2814590	1
11	2815835	1
11	2832278	1
11	2854841	1
11	2855044	1
11	3149876	1
11	3549228	1
11	3572445	1
11	3629307	1
11	3721765	1
11	3786665	1
11	3822710	1
11	3886505	1
11	3887589	1
11	3895011	1
11	3928601	1
11	3943211	1
11	3943269	1
11	3948374	1
11	3957986	1
11	4001281	1
11	4184287	1
11	4250278	1
11	4316998	1
11	4317208	1
11	4469205	1
11	4553298	1
11	4681805	1
11	4745919	1
11	4851523	1
11	5048441	1
11	5048506	1
11	5048824	1
11	5050102	1
11	5051415	1
11	5051445	1
11	5051572	1
11	5157690	1
11	5190940	1
11	5263013	1
11	5283455	1
11	5330920	1
11	5421809	1
11	5515254	1
11	5647945	1
11	5706645	1
11	5735381	1
11	5735984	1
11	5736014	1
11	5736458	1
11	5736611	1
11	5736647	1
11	5946753	1
11	5977340	1
11	6010692	1
11	6010717	1
11	6017114	1
11	6017871	1
11	6098398	1
11	6263435	1
11	6263603	1
11	6263927	1
11	6278396	1
11	6282389	1
11	6415427	1
11	6415624	1
11	6480592	1
11	6480636	1
11	6480977	1
11	6598681	1
11	6771527	1
11	6943511	1
11	7298363	1
11	7479525	1
11	7723697	1
11	8096420	1
11	8281236	1
11	8281368	1
11	8477402	1
11	8558457	1
11	8651904	1
11	8660284	1
11	8767960	1
11	8767993	1
11	8768935	1
11	8882224	1
11	9025340	1
11	9052964	1
11	9055733	1
11	9057019	1
11	9100472	1
11	9270778	1
11	9270990	1
11	9270999	1
11	9271020	1
11	9271305	1
11	9271438	1
11	9271462	1
11	9272495	1
11	9272810	1
11	9296905	1
11	9376833	1
11	9377259	1
11	9379692	1
11	9379722	1
11	9379875	1
11	9379884	1
11	9380064	1
11	9380133	1
11	9380182	1
11	9380268	1
11	9380301	1
11	9380556	1
11	9576599	1
11	9631209	1
11	9636854	1
11	9662661	1
11	9669340	1
11	9699484	1
11	9719124	1
11	9734864	1
11	9734970	1
11	9735384	1
11	9735441	1
11	9735458	1
11	10042289	1
11	10212062	1
11	10339730	1
11	10339847	1
11	10340099	1
11	10340256	1
11	10340480	1
11	10340531	1
11	10340676	1
11	10341806	1
11	10343232	1
11	10343292	1
11	10343301	1
11	10396445	1
11	10396503	1
11	10505697	1
11	10505722	1
11	10681067	1
11	10765972	1
11	10766398	1
11	10767532	1
11	10773770	1
11	10773884	1
11	10852080	1
11	11026810	1
11	11081140	1
11	11081163	1
11	11081349	1
11	11085125	1
11	11085137	1
11	11085278	1
11	11085625	1
11	11087303	1
11	11089025	1
11	11174347	1
11	11175174	1
11	11336061	1
11	12608559	1
11	12776731	1
11	12783655	1
11	13356299	1
11	13356425	1
11	13357150	1
11	13357766	1
11	13357960	1
11	13519184	1
11	13771649	1
11	14219592	1
11	14221482	1
11	14407511	1
11	14503479	1
11	14550842	1
11	14775615	1
11	14775651	1
11	14776092	1
11	14777683	1
11	14780397	1
11	14997170	1
11	14997769	1
11	15346701	1
11	15481499	1
11	16140733	1
11	16786403	1
11	16932537	1
11	18371142	1
11	18709475	1
11	19458526	1
11	19458666	1
11	20026845	1
11	20029445	1
11	20352955	1
11	20362789	1
11	20362887	1
11	20363077	1
11	20379724	1
11	20379761	1
11	20391613	1
11	20596535	1
11	20700395	1
11	20780633	1
11	20897824	1
11	22190676	1
11	22205640	1
11	22213990	1
11	24838624	1
11	24838965	1
11	24839121	1
11	24847366	1
11	26809907	1
11	27079720	1
11	27158611	1
11	27834918	1
11	27852552	1
11	27940185	1
11	27944708	1
11	27945202	1
11	28602050	1
11	28731155	1
11	28912985	1
11	28958751	1
11	29862902	1
11	29873006	1
11	29873163	1
11	30153265	1
11	30164460	1
11	30591766	1
11	30598326	1
11	30782855	1
11	31047078	1
11	31193793	1
11	31367087	1
11	31440813	1
11	31440982	1
11	31444348	1
11	31645508	1
11	31645544	1
11	31857080	1
11	31998045	1
11	32113524	1
11	32152506	1
11	32899879	1
11	32948117	1
11	33085419	1
11	33491736	1
11	33595761	1
11	33596714	1
11	33596727	1
11	33763166	1
11	33927332	1
11	34271606	1
11	34424393	1
11	34424464	1
11	34425536	1
11	34426265	1
11	34589918	1
11	34592587	1
11	34617372	1
11	34617607	1
11	35100322	1
11	35196029	1
11	35737669	1
11	35897668	1
11	35913857	1
11	35920167	1
11	35920197	1
11	36021604	1
11	36206930	1
11	36244998	1
11	36480553	1
11	36543908	1
11	36544050	1
11	36544088	1
11	36545905	1
11	36564532	1
11	36568680	1
11	36652714	1
11	36853907	1
11	36865542	1
11	36978437	1
11	37070060	1
11	37256594	1
11	37256991	1
11	37281500	1
11	37281577	1
11	37282351	1
11	37383831	1
11	37384713	1
11	37404275	1
11	37703616	1
11	37987969	1
11	38030982	1
11	38102798	1
11	38102880	1
11	38103972	1
11	38167649	1
11	38224373	1
11	38231783	1
11	38233102	1
11	38233533	1
11	38233677	1
11	38233939	1
11	38250069	1
11	38721181	1
11	38992151	1
11	39154586	1
11	39243074	1
11	39251823	1
11	39410461	1
11	39420222	1
11	39607245	1
11	39748931	1
11	39908842	1
11	39908878	1
11	39909176	1
11	39910324	1
11	39911606	1
11	39911672	1
11	39911746	1
11	39913375	1
11	39919251	1
11	40194139	1
11	40351232	1
11	40397444	1
11	40397592	1
11	40397730	1
11	40397745	1
11	40425326	1
11	40432650	1
11	40442399	1
11	40508905	1
11	40540427	1
11	40618236	1
11	40696334	1
11	40716591	1
11	40773570	1
11	40773965	1
11	40775587	1
11	40777221	1
11	40777303	1
11	40777537	1
11	40777610	1
11	40777853	1
11	40817772	1
11	40845905	1
11	40874444	1
11	41349992	1
11	41448369	1
11	41448481	1
11	41448860	1
11	41449440	1
11	41585438	1
11	41585498	1
11	41585621	1
11	41585846	1
11	41585906	1
11	41585984	1
11	41587492	1
11	41587582	1
11	41587659	1
11	41587672	1
11	41587831	1
11	41587850	1
11	41603249	1
11	41603306	1
11	42278941	1
11	42627957	1
11	42628539	1
11	42628662	1
11	42629930	1
11	42640229	1
11	42665808	1
11	42730395	1
11	42789725	1
11	43204115	1
11	43282911	1
11	43859498	1
11	43938034	1
11	44295451	1
11	44313651	1
11	44331661	1
11	44337734	1
11	44338305	1
11	44348803	1
11	44360143	1
11	44421741	1
11	44429072	1
11	44430287	1
11	44683272	1
11	44838813	1
11	44992714	1
11	45059903	1
11	45060118	1
11	45084755	1
11	45084773	1
11	45084875	1
11	45084929	1
11	45084991	1
11	45085202	1
11	45085309	1
11	45085811	1
11	45086032	1
11	45086118	1
11	45086171	1
11	45086240	1
11	45086408	1
11	45092064	1
11	45092134	1
11	45092159	1
11	45092243	1
11	45092249	1
11	45092525	1
11	45208284	1
12	147551	1
12	159673	1
12	181234	1
12	239176	1
12	243133	1
12	243244	1
12	243727	1
12	243865	1
12	244316	1
12	244343	1
12	244619	1
12	244631	1
12	244664	1
12	244975	1
12	245004	1
12	278981	1
12	279074	1
12	283159	1
12	360816	1
12	459353	1
12	502211	1
12	511924	1
12	530723	1
12	633377	1
12	644157	1
12	823935	1
12	823953	1
12	977982	1
12	1293616	1
12	1324476	1
12	1511064	1
12	1651575	1
12	1882025	1
12	1882622	1
12	1951258	1
12	1972560	1
12	1972602	1
12	2179315	1
12	2217453	1
12	2230450	1
12	2347683	1
12	2714440	1
12	2717971	1
12	2784917	1
12	3074975	1
12	3089924	1
12	3145554	1
12	3503165	1
12	3547410	1
12	3549361	1
12	3553469	1
12	3553557	1
12	3553571	1
12	3746864	1
12	3746948	1
12	3747051	1
12	3747091	1
12	3749168	1
12	3749334	1
12	3750917	1
12	3799718	1
12	3879293	1
12	3879537	1
12	3879544	1
12	3879621	1
12	3921385	1
12	3921415	1
12	3921502	1
12	3921843	1
12	3928490	1
12	3928921	1
12	3928951	1
12	3928962	1
12	4018650	1
12	4039918	1
12	4042518	1
12	4043933	1
12	4189099	1
12	4217966	1
12	4322254	1
12	4632236	1
12	4899142	1
12	4899455	1
12	4906660	1
12	4906893	1
12	4907175	1
12	5014072	1
12	5258241	1
12	5258454	1
12	5258697	1
12	5306126	1
12	5310820	1
12	5727487	1
12	5786800	1
12	6100997	1
12	6330297	1
12	6355560	1
12	6355589	1
12	6384441	1
12	6418596	1
12	6418601	1
12	6518553	1
12	6546672	1
12	6701031	1
12	6911438	1
12	6936540	1
12	6993633	1
12	7863491	1
12	7863519	1
12	7869975	1
12	7873049	1
12	8030835	1
12	8063612	1
12	8127837	1
12	8302371	1
12	8516713	1
12	8519787	1
12	8556175	1
12	8578995	1
12	8590562	1
12	8593980	1
12	9018198	1
12	9047869	1
12	9131605	1
12	9357754	1
12	9484294	1
12	9518067	1
12	9550446	1
12	9753263	1
12	10128013	1
12	10204865	1
12	10256960	1
12	10524987	1
12	10527050	1
12	10674668	1
12	10674671	1
12	10693914	1
12	10694804	1
12	11048646	1
12	11405906	1
12	11740317	1
12	11740934	1
12	11741117	1
12	12034745	1
12	12476319	1
12	12654160	1
12	12655349	1
12	12743436	1
12	12834376	1
12	13152409	1
12	13183157	1
12	13248515	1
12	13267302	1
12	13270097	1
12	13270182	1
12	13270208	1
12	13271474	1
12	13617956	1
12	14219601	1
12	14219727	1
12	14689798	1
12	14931696	1
12	15689430	1
12	15695850	1
12	16187312	1
12	16345513	1
12	18919522	1
12	19181173	1
12	19188907	1
12	20336319	1
12	20402665	1
12	20487184	1
12	20492079	1
12	20520046	1
12	21202779	1
12	21327401	1
12	21327580	1
12	21328580	1
12	21428593	1
12	21526751	1
12	21708079	1
12	22135725	1
12	22137399	1
12	22237923	1
12	22677921	1
12	22905890	1
12	22924727	1
12	24386302	1
12	24386342	1
12	24386805	1
12	24386878	1
12	24391413	1
12	24391424	1
12	25642402	1
12	25841735	1
12	25904593	1
12	26157851	1
12	26423442	1
12	27348155	1
12	27416356	1
12	27416459	1
12	27607197	1
12	27966948	1
12	28906171	1
12	29830883	1
12	30582910	1
12	32522905	1
12	33853219	1
12	33853769	1
12	35283808	1
12	35531719	1
12	35531765	1
12	35538152	1
12	35653078	1
12	35653224	1
12	35675934	1
12	36059700	1
12	37123274	1
12	37123358	1
12	37123412	1
12	38102924	1
12	38251555	1
12	38537950	1
12	39794642	1
12	39801283	1
12	40125403	1
12	40126341	1
12	40126394	1
12	40126773	1
12	40126787	1
12	40269660	1
12	40348887	1
12	40364032	1
12	40655145	1
12	41077683	1
12	41527757	1
12	41615052	1
12	41670282	1
12	42295148	1
12	43303507	1
12	43525699	1
12	43554547	1
12	45433626	1
12	45970798	1
12	45972706	1
12	46657785	1
12	47233586	1
12	48167367	1
12	48177592	1
12	48177610	1
12	48566426	1
12	48605748	1
12	48732241	1
12	48851340	1
12	49292115	1
12	49292207	1
12	49624425	1
12	49624443	1
12	49624689	1
12	49625274	1
12	49625421	1
12	49625472	1
12	49660431	1
12	49994628	1
12	50137237	1
12	50382217	1
12	50382493	1
12	50389681	1
12	50393752	1
12	50570153	1
12	50573537	1
12	50573932	1
12	50722272	1
12	50775031	1
12	50896643	1
12	50896655	1
12	51251244	1
12	51251314	1
12	51258447	1
12	51560863	1
12	51561780	1
12	51615529	1
12	51728044	1
12	51732789	1
12	51862256	1
12	51885239	1
12	51886194	1
12	51908158	1
12	51931824	1
12	51963149	1
12	51963155	1
12	52056687	1
12	52418813	1
12	52790251	1
12	52956364	1
12	53037279	1
12	53037307	1
12	53037359	1
12	53048469	1
12	53052450	1
12	53190167	1
12	53192770	1
12	53304636	1
12	53642804	1
12	53690152	1
12	53792521	1
12	53792603	1
12	53792656	1
12	53792920	1
12	53793312	1
12	53793483	1
12	53793515	1
12	53793673	1
12	53793893	1
12	53797808	1
12	53997631	1
12	54019332	1
12	54173482	1
12	54234293	1
12	54234392	1
12	54234641	1
12	54234680	1
12	54234744	1
12	54234773	1
12	54234811	1
12	54259896	1
12	54259898	1
12	54319182	1
12	54426391	1
12	54471757	1
12	54479773	1
12	54542074	1
12	54727908	1
12	54727971	1
12	54861282	1
12	55001359	1
12	55091253	1
12	55091259	1
12	55092128	1
12	55185429	1
12	55185507	1
12	55185750	1
12	55216911	1
12	55220113	1
12	55312422	1
12	55411765	1
12	55428946	1
12	55550439	1
12	55723634	1
12	55762243	1
12	56454935	1
12	56523685	1
12	56571580	1
12	56876911	1
12	56878727	1
12	57128447	1
12	57275631	1
12	57275703	1
12	57275739	1
12	57275841	1
12	57276056	1
12	57349369	1
12	57460060	1
12	57468123	1
12	57468357	1
12	57597588	1
12	57611789	1
12	57705706	1
12	58047342	1
12	58047558	1
12	58194482	1
12	58545250	1
12	58545289	1
12	58553714	1
12	58760548	1
12	58824667	1
12	58825720	1
12	58983259	1
12	59129520	1
12	59132286	1
12	59271203	1
12	59371505	1
12	59451291	1
12	59566196	1
12	59631381	1
12	59760444	1
12	59870038	1
12	59872236	1
12	59957346	1
12	60026026	1
12	60305946	1
12	60306388	1
12	60307321	1
12	60477931	1
12	60707179	1
12	60753284	1
12	60754698	1
12	60754928	1
12	60809422	1
12	60814804	1
12	60816800	1
12	61007673	1
12	61027001	1
12	61050602	1
12	61055873	1
12	61060537	1
12	61086761	1
12	61101801	1
12	61141829	1
12	61148389	1
