position	COMBINED_rate(cM/Mb)	Genetic_Map(cM)
251132	0.351661075	0
253077	0.25840874	0.000502605
269400	0.000278319	0.000507148
309342	0.004865054	0.000701468
433801	0.001003608	0.000826376
481295	0.005888575	0.001106048
534626	0.002411768	0.00123467
535454	1.313.066.546	0.012106861
551280	1.510.995.893	0.036019882
559640	0.414818541	0.039487765
817205	0.012255458	0.042644342
1314398	0.033783861	0.059441441
1828457	0.000273762	0.059582171
1828475	6.454.763.333	0.071200745
1838864	0.587620656	0.077305536
2068305	0.002323055	0.07783854
2497514	0.002340352	0.07884304
2591141	0.023295	0.081024081
2753906	0.006383602	0.082063108
2956117	0.00336774	0.082744102
2957398	0.712715847	0.083657091
2958410	1.339.640.316	0.085012807
3087549	0.043964023	0.090690277
3296181	0.001611311	0.091026448
3693421	0.001404096	0.091584211
3716735	0.026342326	0.092198356
3716741	1.485.691.667	0.093089771
3953090	0.004463962	0.094144824
4013257	0.027047501	0.095772191
4258102	0.000509032	0.095896825
4258490	0.316193299	0.096019508
4262027	0.212620582	0.096771547
4263036	0.672320119	0.097449918
4263748	0.104578652	0.097524378
4277333	0.00837696	0.097638179
4309411	0.022877019	0.098372028
4598036	0.001987059	0.098945543
4601532	0.023483982	0.099027643
4603173	0.028357099	0.099074177
4686764	0.001589118	0.099207013
5079220	0.00024777	0.099304252
5141014	0.000721138	0.099348814
5291766	0.000637444	0.09944491
5347312	0.002001602	0.099556091
5386865	0.014433292	0.100126971
5477755	0.00168529	0.100280147
5498171	0.001075235	0.100302099
5502048	0.038066288	0.100449682
5505021	0.005540531	0.100466154
5505313	6.778.517.123	0.102445481
6071374	0.000147903	0.102529203
6071398	1.208.716.667	0.102819295
6071498	0.18507	0.102837802
6071711	1.250.577.465	0.103104175
6071917	0.519781553	0.10321125
6142925	0.066614255	0.107941395
6143327	279.631.393	0.119182577
6295542	0.005290214	0.119987827
6303560	0.019787977	0.120146487
6303615	1.155.854.545	0.120782207
6340020	0.00261997	0.120877587
6529837	0.000795082	0.121028507
6587872	0.004207875	0.121272711
7165230	0.000819396	0.121745796
7165940	0.293478873	0.121954166
7447081	0.00245564	0.122644547
8653509	0.000227234	0.122918688
10570836	2.38E+00	0.12296431
11395918	0.000313958	0.123223351
11742717	2.99E+00	0.123233711
11769718	0.001824081	0.123282963
11774418	0.070544468	0.123614522
12000688	0.000142958	0.123646869
12000832	2.036.756.944	0.123940162
12005526	0.021497017	0.124041069
13369757	0.000686826	0.124978058
13392443	0.03363418	0.125741083
13546944	0.019291416	0.128721626
13740819	0.002100374	0.129128836
13747185	0.105585454	0.129800993
16399217	0.000136076	0.130161871
17370636	0.000128651	0.130286845
18753971	0.000144851	0.130487223
18925630	0.000886327	0.130639369
18925794	0.226560976	0.130676525
18927026	0.087298701	0.130784077
18998405	0.000377212	0.130811002
19663894	6.21E+00	0.130852346
19663967	0.810479452	0.130911511
19666602	0.086431879	0.131139259
19667145	0.104780847	0.131196155
29678334	1.84E+00	0.131380354
29684899	0.002149886	0.131394468
30837971	2.80E+00	0.131426703
31088895	0.000224833	0.131483119
33354366	4.81E-01	0.131494009
35477582	6.96E+00	0.131641741
36413189	4.81E+00	0.131686723
37067485	0.000433481	0.131970348
37067567	0.109719512	0.131979345
37067593	1.557.576.923	0.132019842
37070102	0.00401395	0.132029913
37071429	0.001614921	0.132032056
37276804	3.86E+00	0.132039984
37683160	6.33E+00	0.132065696
38478435	2.60E+00	0.132086338
39529156	6.17E-03	0.132092822
39931061	2.65E+00	0.13210349
41859222	1.92E-01	0.132107191
41947310	4.36E+00	0.132111034
41947504	0.040902062	0.132118969
41948237	4.77E-01	0.132119004
41949328	0.006109074	0.132125669
41949345	6.284.117.647	0.132232499
41949463	0.049822034	0.132238378
41979122	0.011934893	0.132592355
42197532	0.012336116	0.135286686
42197568	2.134.172.223	0.136054988
43180467	8.75E+00	0.136140964
43330728	0.000639714	0.136237088
44194124	0.000174267	0.136387549
44696600	0.000256327	0.136516347
44700958	0.073751721	0.136837757
44702400	0.00902982	0.136850778
44890251	0.001090119	0.137055558
45757713	0.000136593	0.137174047
46270954	0.000768333	0.137568387
46315907	0.003766267	0.137737692
46323371	0.054499598	0.138144477
47299582	0.000726733	0.138853922
47299905	7.698.770.898	0.141340625
50790985	0.00012455	0.141775438
51290205	0.000615696	0.142082806
51324358	0.007703247	0.142345895
52318789	2.28E-01	0.142368576
52487732	6.81E+00	0.142380075
54580281	4.97E+00	0.142484117
55163476	3.98E-01	0.142486441
55163677	0.128278607	0.142512225
55163751	0.026378378	0.142514177
55427311	0.000618398	0.142677162
55427702	0.045452685	0.142694934
58197448	9.82E-02	0.142722121
58567030	6.46E-05	0.142745996
58737722	0.000165807	0.142774298
58985411	0.001154884	0.14306035
59361412	0.000655357	0.143306765
59363461	0.179921913	0.143675425
59363481	0.6111	0.143687647
59364003	0.061530651	0.143719766
59974049	3.63E-01	0.143741918
59974287	0.303046218	0.143814043
59974382	1.930.021.053	0.143997395
60027044	9.35E-01	0.144002318
60240569	0.062593027	0.157367494
60414182	0.099199081	0.174589744
60512580	0.009498994	0.175524426
60515967	0.164194863	0.176080554
60516974	0.73952433	0.176825255
60887937	5.21E-02	0.176844597
60919390	0.016489906	0.177363254
60951473	0.038342487	0.178593396
60951506	1.282.090.909	0.178635705
60987055	0.007571099	0.17890485
61310905	0.002784907	0.179806742
61326558	0.002658915	0.179848362
62145049	0.000136269	0.179959897
62148278	0.197122639	0.180596406
62612685	0.014415433	0.187291034
62802774	0.000347153	0.187357024
62851452	0.029990406	0.188816897
62931376	0.067232033	0.19419035
62935879	0.591190984	0.196852483
63183063	0.00206623	0.197363222
63208319	0.00800198	0.19756532
63338127	0.00478546	0.198186511
63469625	0.001199752	0.198344276
63756796	0.000137531	0.198383771
64120888	0.001963858	0.199098796
64259758	0.009037114	0.20035378
64614014	0.003313632	0.201527654
65270050	0.001403254	0.202448239
65472778	0.002101826	0.202874338
65694481	0.000425533	0.20296868
65694528	4.338.114.893	0.205007594
65696918	0.54212636	0.206303276
65779952	0.007364682	0.206914795
65780961	0.710806739	0.207631999
65782007	0.926180688	0.208600784
65782411	6.396.534.653	0.211184984
65782472	740.457.541	0.215701775
65782960	0.16502459	0.215782307
66093982	0.019717335	0.221914832
66218939	0.004856223	0.222521651
66259225	0.015787569	0.223157669
66336497	0.054024446	0.227332246
66349597	0.043411756	0.22790094
66354337	0.022961181	0.228009776
66376215	0.004581315	0.228110006
66431307	7.93E+00	0.228114376
66675618	7.79E-01	0.228116278
66723137	0.001693407	0.228196747
67013319	0.001457975	0.228619825
67211029	0.002411547	0.229096612
67211502	0.816816068	0.229482966
67221911	0.089742434	0.230417095
67223718	0.165897067	0.230716871
67223836	5.045.398.305	0.231312228
67277817	0.004545673	0.231557608
67277826	5.999.444.441	0.231611603
67279544	0.025813737	0.231655951
67293176	0.011460534	0.231812181
67294103	0.240190939	0.232034838
67459462	0.000593696	0.232133011
67605501	0.002371113	0.232479286
67735399	0.001038199	0.232614146
67896790	0.000337045	0.232668542
67969608	7.66E+00	0.232674121
68069876	0.001624018	0.232836958
68412973	0.000247158	0.232921757
68416246	0.001248396	0.232925843
68529707	0.003859432	0.233363738
68670749	0.000810283	0.233478022
68950624	0.000282208	0.233557005
69200171	0.000338858	0.233641566
69381132	0.000189599	0.233675876
69809843	0.004969602	0.235806399
69902011	0.00264262	0.236049964
69917893	0.021827792	0.236396633
69918804	0.148782656	0.236532174
70097516	0.02390859	0.240804926
70223686	0.00770004	0.24177644
70341065	0.018086907	0.243899463
70341095	3.866.066.667	0.244015445
70371898	7.55E+00	0.244017771
70372129	0.025744589	0.244023718
70562984	6.54E-02	0.244036198
70697501	6.30E-01	0.244037046
71088529	1.37E+00	0.244042404
71239398	9.22E+00	0.244056316
71239659	0.010344828	0.244059016
71421420	9.87E-02	0.24406081
71444070	0.000203002	0.244065408
71450692	0.077717608	0.244580054
71807851	0.0017388	0.245201082
72051529	0.000119802	0.245230275
72051556	0.468777778	0.245242932
72108318	0.004350921	0.245489899
72111134	0.255930043	0.246210598
72111964	0.861083133	0.246925297
72111974	5.575.799.998	0.246981055
72504467	6.23E+00	0.247005493
72528571	0.128411799	0.250100731
72531363	0.002487106	0.250107675
72540975	0.156713483	0.251614005
72742546	0.001769977	0.251970781
72816334	0.006053139	0.25241743
73340313	0.000189135	0.252516533
73706321	0.015840659	0.258314341
74061521	0.001482247	0.258840835
74193922	0.001162076	0.258994695
74257861	0.002422293	0.259149574
74352528	0.024659765	0.26148404
74355334	1.013.155.738	0.264326955
74360132	0.771069195	0.268026545
74688162	0.029611386	0.277739968
74688218	5.820.353.036	0.310333945
74741574	0.053887642	0.313209174
75045959	0.019314066	0.319088086
75079617	0.063048012	0.321210156
75163958	0.067097805	0.326869252
75333653	0.034370924	0.332701826
75442012	0.035821039	0.336583358
75477670	0.130560183	0.341238873
75478358	5.631.994.186	0.345113685
75485176	2.525.962.599	0.362335698
75748919	0.010182962	0.365021383
75789812	0.004008828	0.365185316
76242413	0.001012614	0.365643626
76304506	0.002333323	0.365788509
76406645	0.003025132	0.366097493
76465282	0.003630199	0.366310357
76480545	0.100565813	0.367845293
76480694	5.382.883.893	0.37586579
76486675	0.24802324	0.377349217
76505319	0.064012283	0.378542662
76511247	1.315.929.487	0.386343492
76952905	0.044633101	0.406056058
76957665	0.940798739	0.41053426
76958577	4.643.378.289	0.414769021
77190763	0.000119202	0.414796698
77191340	0.488974003	0.415078836
77191350	1.539.291	0.416618127
77207561	0.003494973	0.416674784
77350877	0.034757096	0.421656032
77351069	8.631.770.833	0.438229032
77353150	787.256.223	0.454611834
77353237	5.243.473.564	0.459173656
77488165	0.033622621	0.463710289
77526828	0.46060554	0.481518681
77596089	0.023770231	0.483165031
77738822	0.03707238	0.488456483
78142002	0.00031756	0.488584517
78168130	0.149176018	0.492482188
78176186	0.676811197	0.497934579
78192298	0.243872455	0.501863852
78430645	0.017646792	0.506069912
78663168	0.08841672	0.526628833
78756700	0.085387803	0.534615325
78756913	1.010.846.009	0.536768427
78757227	3.459.140.127	0.537854597
78809481	0.102296322	0.543199989
78928270	0.030558604	0.546830015
79083750	0.016118002	0.549336042
79083994	279.507.582	0.556156027
79157411	0.007847964	0.556732201
79186993	0.010208674	0.557034194
79391898	0.031224987	0.56343235
79456101	0.220172889	0.57756811
79487269	0.100803484	0.580709953
79487385	511.261	0.640016229
79678961	0.560634531	0.74742035
79679333	5.244.185.484	0.749371187
79679819	6.726.201.646	0.752640121
79711229	0.814777491	0.778232282
79784789	0.07100885	0.783455693
79955869	0.001664566	0.783740467
80077322	0.037710464	0.788320516
80121257	0.078936042	0.791788571
80228612	0.011194933	0.792990403
80229851	0.088201776	0.793099685
80229923	6.352.480.555	0.797673471
80230402	2.332.824.843	0.808847702
80524241	0.050895201	0.823802697
80559077	1.116.924.704	0.862711886
80560392	3.039.612.928	0.866708977
80591939	0.050059657	0.868288209
80592092	2.026.609.804	0.871388922
80598198	1.002.864.559	0.877512413
80669302	0.155202647	0.888547942
80833304	0.011582901	0.890447561
80833454	3.100.305.333	0.895098019
80833655	174.943.597	0.930261682
80833694	320.353.359	0.942755463
80833816	4.058.837.295	0.992273278
80834539	0.618055325	0.992720132
80835981	6.94E+21	100.074.559.058.046
80850965	4.48E+18	100.746.377.705.443
81013179	1.87E+17	101.050.466.670.341
81410256	1.83E+17	101.776.511.001.565
81464383	1.15E+18	102.398.399.634.439
81567297	2.11E+18	104.568.970.878.766
81750427	6.79E+17	105.813.106.660.439
81750832	1.48E+19	105.873.057.784.870
81795435	5.27E+18	108.222.658.382.799
81924913	5.03E+16	108.873.363.318.377
81927446	1.18E+18	109.172.738.979.660
81936802	9.49E+17	110.060.941.706.651
82321261	7.93E+16	110.365.780.244.844
82424459	1.08E+18	111.480.663.208.348
82629061	3.56E+17	112.208.908.493.055
82787205	6.89E+17	113.298.816.072.764
82927841	3.39E+17	113.775.884.505.209
82935946	7.61E+18	114.392.988.175.843
82954172	1.20E+19	116.574.667.819.501
83012088	2.78E+17	118.182.877.385.397
83059316	2.90E+17	118.320.011.534.427
83060566	7.28E+19	119.230.083.614.353
83060620	2.12E+21	120.376.243.592.354
83130290	7.24E+16	120.880.877.458.673
83138255	1.10E+19	121.759.218.651.525
83177518	1.28E+18	122.260.063.838.462
83187094	3.97E+17	122.298.039.963.150
83416455	1.42E+17	122.623.688.236.238
83416555	1.74E+19	122.641.071.341.226
83418674	6.71E+17	122.655.288.300.222
83419440	3.57E+18	122.682.637.194.018
83488954	1.41E+17	122.780.474.195.764
83602369	3.63E+16	122.821.631.431.152
83843357	2.49E+16	122.881.543.829.362
84026698	8.20E+16	123.031.903.950.007
84208108	5.04E+16	123.123.377.501.045
84214236	2.08E+18	123.250.640.152.362
84214331	5.33E+18	123.255.708.183.850
84214593	4.31E+19	123.368.708.250.444
84214632	1.47E+21	123.943.656.261.019
84217773	1.57E+18	123.993.000.060.608
84219154	3.69E+19	124.502.956.566.745
84401586	6.07E+17	125.610.891.430.549
84457106	2.44E+17	125.746.483.806.798
84727196	6.63E+16	125.925.524.250.101
84727244	8.25E+21	129.886.012.499.244
84728052	1.06E+20	130.743.521.329.243
84979169	1.04E+18	133.358.071.224.428
85243930	1.57E+17	133.772.454.247.841
85466533	1.86E+17	134.186.563.905.233
85545111	1.22E+18	135.143.700.668.570
85715615	1.81E+17	135.452.927.709.395
85760205	1.91E+18	136.305.162.350.718
85897859	1.10E+18	137.825.251.300.590
85902599	9.29E+18	138.265.747.267.734
85916184	3.21E+18	138.702.198.592.880
85953453	4.09E+17	138.854.778.676.283
86088641	1.16E+18	140.428.817.701.253
86090282	7.34E+18	140.549.323.436.736
86090388	9.02E+20	141.505.869.353.475
86095990	7.73E+18	141.938.760.274.226
86153316	7.51E+17	142.369.112.851.661
86153327	3.91E+20	142.412.132.984.423
86164613	6.67E+18	143.165.459.716.138
86305814	3.44E+17	143.651.458.620.818
86328884	5.10E+17	143.769.033.128.798
86355044	1.09E+17	143.797.496.429.924
86355313	1.03E+20	144.074.971.845.683
86356334	9.03E+18	144.167.152.952.074
86356478	1.65E+20	146.548.343.863.033
86387941	5.72E+17	146.728.338.464.886
86441457	2.86E+18	148.256.975.536.616
86442644	6.39E+19	149.015.224.818.969
86527570	1.86E+17	149.173.566.876.530
86663670	2.08E+17	149.456.625.428.887
86745999	5.23E+17	149.887.280.803.457
86750211	1.12E+17	149.891.987.419.572
86750499	1.52E+20	150.330.600.781.196
86847460	2.11E+17	150.534.825.778.036
86847564	7.00E+18	150.542.109.577.202
86848639	8.27E+18	150.630.961.083.296
86877878	1.32E+17	150.669.662.087.229
86887703	1.38E+16	150.683.192.082.769
86942383	2.00E+16	150.694.147.488.816
87030691	1.59E+16	150.708.207.565.802
87161066	28849434186	150.711.968.810.784
87161681	1.43E+19	150.799.920.380.883
87161795	2.69E+19	150.830.581.219.668
87180917	6.11E+17	150.947.429.153.268
87196723	9.25E+17	151.093.614.246.564
87322718	4.28E+15	151.147.479.584.112
87392925	99520247839	151.154.466.602.152
87463611	2.20E+17	151.310.058.426.971
87558284	2.67E+16	151.335.333.613.547
87600773	1.99E+17	151.419.732.566.499
87663628	3.53E+16	151.441.935.851.358
87731694	7.66E+16	151.494.052.927.684
87746117	4.40E+17	151.557.580.228.959
87749782	2.68E+18	151.655.953.503.027
87944567	27769411223	151.661.362.567.792
87965133	2.59E+16	151.666.693.916.136
87982085	3.57E+17	151.727.270.972.407
88057276	1.13E+17	151.812.498.385.135
88127428	1.68E+17	151.930.446.294.489
88173638	9.15E+16	151.972.717.203.860
88294149	1.70E+16	151.993.262.362.347
88322772	9.35E+16	152.020.014.070.398
88347389	3.76E+14	152.029.272.511.885
88389559	73557177780	152.032.374.418.072
88434918	89445437377	152.036.431.573.666
88451543	1.19E+16	152.038.417.215.963
88451740	1.48E+18	152.041.328.656.040
88451789	4.30E+18	152.043.436.749.215
88451932	2.17E+18	152.046.542.812.187
88452136	4.27E+16	152.047.414.014.137
88471573	3.04E+16	152.106.417.033.321
88535784	47603546059	152.109.473.704.617
88583876	1.02E+17	152.158.602.505.854
